
	0 88.03141793 94.01997454 40.66600512 0.3145958104 0.276971482 -0.5095166526
	1 49.81694223 68.79276085 62.48572818 -0.7567583362 0.1114413181 0.4217700262
	2 62.54559427 48.89235495 75.78583754 -0.5154934821 -0.098933939 -0.4907506547
	3 9.031558788 43.69919979 42.93950015 0.2501104167 -0.1828705654 0.2865036243
	4 1.005718375 56.86001824 63.75583385 0.6793945211 -0.30489294 -0.4863240265
	5 69.602642 88.27944012 17.80877304 -0.5528365254 -0.2857076188 -0.7681224257
	6 14.45390801 80.58946914 18.41066628 -0.1958008575 -0.4398938517 -0.04006425788
	7 24.14292733 17.97535937 15.50373926 -0.7697553846 -0.5995850006 -0.2737488266
	8 88.09537898 73.33335205 80.96060322 0.589834442 -0.8434388071 -0.3156555008
	9 12.17439611 77.94928641 54.99733656 -0.4322051517 -0.5944981886 0.1386345248
	10 19.22916771 21.01177699 18.62759522 0.4000626659 0.388339483 0.2967997768
	11 8.541194638 23.81801806 32.17502026 0.4094758537 -0.3981634086 -0.4672179466
	12 64.88638761 64.40239263 31.80714683 0.1803765127 -0.4070925201 0.03513719847
	13 21.91817078 33.83365226 70.0668935 -0.4661526207 -0.1175642232 -0.5031785377
	14 97.97149228 98.78201268 20.74739977 0.432446777 -0.5933901998 -0.433348862
	15 49.8406355 27.84055915 89.58888678 -0.06932824812 0.9440108516 0.6107083274
	16 57.70992081 30.69728538 97.95492874 -0.1072248866 -0.03402681112 -0.3454913938
	17 54.68511627 90.35528961 86.7894712 -0.004727956395 -0.5823616981 -0.2186589
	18 79.19318253 78.85802575 64.08446484 -0.3103542818 0.4638053658 0.35865747
	19 37.65946331 68.61473503 94.56811191 -0.0582248049 -0.3303601461 -0.5723088864
	20 35.55167533 60.02317113 46.45271883 -0.9895786183 0.03015962026 0.1522920454
	21 4.519770131 8.945639036 88.92749939 0.0881763714 0.2744215355 0.7596653354
	22 50.46268454 54.28954901 39.60396103 0.2052222653 -0.3549994195 0.3996272316
	23 76.75951896 29.52398957 54.02995656 0.7750001177 0.5177574712 0.7437840216
	24 7.30102726 52.63439911 55.98922653 0.6954505592 0.482913227 0.1235554826
	25 8.728775513 23.80023403 78.79776174 0.3051517371 -0.3191326717 -0.3089944767
	26 61.80600213 8.562444137 16.79624414 -0.1094869211 0.3285644252 0.4102574094
	27 85.72939863 17.59173575 51.62067078 -0.2291573566 0.59936173 0.2668376229
	28 20.76825087 25.31145537 48.58099681 -0.6854566219 0.2991169698 -0.3120431802
	29 89.34558542 90.4538729 15.89752845 0.1701616239 -0.3212014313 1.124608516
	30 45.67171978 68.34767821 41.42156154 0.005953931115 0.08077520756 -0.4776275356
	31 64.55487816 35.50326173 78.6836707 0.3309088272 -0.3982593884 -0.8412480027
	32 28.03754364 75.30358217 36.00612548 -1.047264548 -0.01330195969 -0.2599776613
	33 51.8854473 54.28426399 26.26143222 -0.1728317192 0.01783340079 -0.1787610696
	34 31.52803345 90.06798516 93.43310736 -0.2643446803 -0.4929715406 0.9332840049
	35 72.62033381 34.06394944 57.57218067 -0.2651034563 0.09653375995 -0.03582100085
	36 78.13178401 4.959645624 33.65927739 0.3703186138 0.2539193223 0.3532232348
	37 76.42005496 60.50865212 13.5595665 -0.3326991377 -0.4093218061 -0.01232732169
	38 14.73653868 53.10321193 24.22107079 -0.5015292573 0.5874118937 -0.9268933876
	39 31.48337948 15.43970158 86.98869482 0.1963195984 -1.087818407 -0.2568269527
	40 50.95033 58.09008732 30.97504689 0.6455169898 0.2596381649 0.306355975
	41 7.571412245 9.718123294 37.19540891 0.3247266894 0.1198442661 0.4403383271
	42 79.7513743 64.3996901 34.71980304 -0.6913242665 0.3245097846 -0.211370078
	43 36.34621932 85.0725713 16.25257325 -0.4413082249 -0.1107016659 0.6327845664
	44 14.41048418 63.42174101 78.20077799 -0.03090892192 0.4132801381 0.2509585105
	45 35.12716345 94.7099971 12.81158977 0.4708271101 -1.24967826 0.6569666662
	46 37.80221055 40.90843241 50.98926571 0.2867012763 -0.3645953033 0.3446138243
	47 15.73400158 1.856279591 88.10799396 -0.2825096206 -0.5324614404 0.1478898295
	48 89.00581368 41.43414109 28.79883926 -0.1232983621 0.1064038918 0.2589957638
	49 32.43083882 92.55440486 80.97248977 -0.7451860102 0.5018564857 -0.1454979805
	50 75.80231617 10.74595458 73.9206787 -0.6381214353 0.09300649992 0.8361407098
	51 96.59744784 97.19391463 84.47696646 0.7057438012 -0.01940046885 -0.3410077113
	52 54.47088618 17.68085982 0.8701453437 -0.8986137091 0.4371301849 0.09465967406
	53 54.00271937 5.712762793 34.61429037 1.454082618 0.6128281805 -0.1408122062
	54 97.65848453 28.479229 39.01944583 -0.195692186 0.2179680769 0.266476044
	55 46.65676644 36.01077176 55.46929046 0.3245288751 -0.4237404361 -0.4500433105
	56 5.856576414 75.64421221 28.23139982 -0.4527842372 0.2572622886 -0.3246497031
	57 42.85140804 97.8372223 43.9753652 0.1365831581 0.5925181952 0.3768183426
	58 17.54574867 43.96250841 66.1923755 0.07252291663 -0.2774208338 0.1900151411
	59 33.7267701 61.75748806 51.01152055 -0.3205368395 0.4787758326 -0.6226860669
	60 82.75722829 11.88654941 43.28652929 -0.01378676669 0.3693377955 0.731390882
	61 37.11214055 5.660172112 41.23079158 0.3499760032 0.8685674457 0.1889909116
	62 73.1199451 10.31216145 42.76763041 -0.1335357596 0.3139964961 0.6428832295
	63 37.43459081 50.91822148 99.32831318 -0.6437365939 0.4590170699 -0.4345194445
	64 49.18088306 61.99543953 48.04344245 -0.8525841201 0.3252268367 -0.2203728956
	65 76.841101 75.13583937 12.86610428 0.4592985992 -0.8375575394 0.5226348646
	66 9.671052711 10.06902274 83.5994539 -0.4766444461 -0.4912421468 0.3998817106
	67 73.6437891 34.72326339 1.050803632 -0.138751958 0.4993927437 -0.2341580976
	68 25.85328984 67.92095386 64.32657304 0.5224711342 -0.1798356061 -0.09862665159
	69 56.31548359 27.35301406 55.1520247 -0.6410838172 0.5738931734 -0.5604741212
	70 60.90814596 94.69449541 90.96776184 -0.4290756315 -0.3910028441 1.244549329
	71 35.64404782 60.80295742 80.10425897 0.07285047465 0.2838575015 -0.1415790846
	72 57.45457685 16.0512528 99.04592214 -0.7129211176 -0.3227663259 0.6622151135
	73 0.08282330226 53.15636303 2.41123447 0.07830070066 -0.1361283735 0.6575356485
	74 80.51515878 83.07238497 9.785530588 -0.10179598 -1.081540186 -0.3000426044
	75 76.16090595 14.49564029 29.69779996 -0.4327780843 0.4524881336 -0.742860295
	76 61.34302718 63.11007152 39.93825462 0.1119024322 -0.2005116743 0.7105117712
	77 72.91790669 29.80236189 90.81003465 -0.2559327076 -0.04550901941 0.5422847719
	78 86.35379694 12.5752758 69.91404045 -0.3721625805 0.3939570369 -0.723184296
	79 17.69302832 20.36665641 94.37172158 -0.7208546679 0.08284899609 0.5231302595
	80 70.185065 72.26790803 36.13952625 -0.2770044047 -0.004033381003 0.8130862336
	81 30.96066386 3.839668571 81.47631978 -0.2937098304 0.3868421363 -0.7546074451
	82 31.37583106 36.72727142 72.8905534 0.007047754488 -0.4006558696 0.1625848497
	83 93.20735542 15.42207688 37.36203581 -0.05243726813 -0.6760183378 -0.8191060079
	84 74.38827493 81.76250684 64.58671002 -1.578483586 -2.092012806 1.193504553
	85 46.07163214 53.2482703 13.35876888 -0.695283875 0.316844562 -0.04775913749
	86 86.75628403 57.69244556 30.54411385 0.02985857149 -0.4693098711 0.7783068582
	87 39.02440536 88.68139368 74.42098665 0.03105916178 0.460861707 0.3685068403
	88 31.68763979 0.6626860263 1.288895513 0.2785672128 -0.474176347 -0.01134569065
	89 35.47930261 80.87291275 29.77965029 -0.04205214615 0.2648730616 -0.2771416015
	90 77.10769148 20.73739184 94.07045665 0.449608078 0.1267831647 0.105381207
	91 2.610312423 57.58946244 34.01064829 -0.2659995117 -0.8707756612 0.4223215176
	92 94.22708514 55.83716246 78.49836865 -0.4378797074 -0.02932821193 0.1020220839
	93 40.1093483 38.22568262 77.21992834 -0.7254497477 -0.6562339801 0.2615118554
	94 86.07382618 33.17197004 59.79652782 -0.401491442 -1.047047757 0.5205363214
	95 0.1432264275 92.35716302 83.98018353 -0.3445412387 -0.08985960666 0.1207244717
	96 34.61058878 72.23519189 35.06521293 0.4787339372 -0.5835059374 0.4412228443
	97 81.77986918 47.5604563 88.80740231 0.2808245037 -0.9830519749 0.1902088721
	98 69.46027053 53.91574276 90.63804732 0.486443186 -0.409451287 0.002305217922
	99 14.13474045 36.85167166 86.89175419 0.3026865588 0.4329355067 -0.2871559512
	100 93.52410673 74.89403336 39.90685113 0.01893471417 -0.03097501966 0.4375423922
	101 0.331183703 22.49568878 80.48197037 0.5645330622 0.4716286458 -0.7197773741
	102 62.83137163 37.24848006 54.11743706 -0.4014152067 0.1910008612 -0.3962668056
	103 74.30895314 66.38841646 12.15999651 1.08862134 0.2948930754 -0.2590293405
	104 71.30597009 29.9911219 16.00724746 -0.3467537475 -0.460231445 -0.5667786047
	105 87.1988081 79.42403973 22.54989607 -0.2983355361 0.2708670832 0.4230072444
	106 74.66595361 69.53490713 75.58916935 -0.4056774937 0.1677641466 -0.968115349
	107 22.23900031 31.5147366 61.60610871 0.07706570254 -0.4850647116 0.4263338904
	108 69.64582948 71.80393686 3.635660981 0.3095928 0.08982506787 0.1735034457
	109 54.91090329 79.15589678 20.22481661 0.28443056 -0.02595934968 0.147205434
	110 75.9672256 73.74581743 23.31151551 0.2358579015 -0.1254125468 -0.1553344339
	111 14.33951254 5.853596032 32.12641615 0.2020156581 -0.5072683724 0.3401650885
	112 47.33268411 32.90260496 38.0246979 -0.6533242299 0.2964552084 0.1874723432
	113 31.15802287 72.87742027 34.65106671 -0.0881544583 0.06243194415 -0.9436786311
	114 42.85715248 28.66089183 42.90720922 0.203675342 0.4792619148 -0.1554909707
	115 54.28876025 49.66096685 11.44444551 0.1730765717 0.3361624373 -0.2134872438
	116 73.18585373 85.0159925 50.17615638 0.3155062849 0.3385502543 -0.4189250305
	117 37.32234001 41.88306381 62.60247317 0.5661514372 0.1565666173 -0.1122031812
	118 46.42457098 43.58288608 77.60002359 -0.1111748222 0.120909322 -0.4221737729
	119 85.82956429 2.437719921 28.5718393 0.2354387961 0.7472525927 -0.2470130679
	120 31.38290897 59.04037223 93.63651795 0.3071292461 0.5117682055 0.2184643497
	121 47.3381405 63.45805783 64.68431134 -0.1550788056 -2.024638934 1.220372883
	122 50.51668242 58.22505647 13.73707239 0.4529590712 -0.1783959435 -0.740005002
	123 68.85012597 71.69158477 78.90569298 0.046574938 -0.6007281969 0.4721684567
	124 25.24289145 10.79555199 95.82767334 0.06618555574 0.4338007686 -0.1589952943
	125 49.81890773 97.89091602 63.80234186 0.2097751198 -0.2936560304 -0.04785379251
	126 66.7748112 90.7033888 12.34414637 0.266484099 0.479319197 0.814546452
	127 89.72389195 4.583223012 62.45456163 0.493957823 -0.241528735 0.1916419579
	128 85.19638324 29.88363178 8.82277555 0.4376376432 0.2227783277 -0.5523553727
	129 78.71657147 92.73655327 52.81882199 0.6504134277 0.4990120536 0.02532491834
	130 21.58547635 96.57183184 69.36550961 0.04263890536 -0.3228011584 0.1140290702
	131 40.01656103 28.9370944 69.74228976 0.7971298376 -0.6832925688 -0.1595634211
	132 13.30858449 62.61587158 98.99681422 -0.08325215303 0.2539528383 0.3534023839
	133 76.82332384 94.97100915 77.99646392 -0.05271791446 0.4194351264 -0.231575013
	134 14.52839159 29.58367952 90.48159238 0.6560633862 1.107290327 -0.01768940144
	135 59.7214235 58.04715339 36.13891678 1.037900101 0.1756022422 -0.1553595926
	136 53.22954739 44.61087975 14.06449584 -0.2149799144 -0.2465829939 0.0644959548
	137 65.84496345 25.96294145 27.75996872 -0.6389770824 -0.3086422036 0.8430993772
	138 92.8114935 77.05770588 60.24673482 -0.5163497082 0.01911762644 0.3582403582
	139 19.14773412 32.33296734 80.76753469 0.4824976682 -0.5674636429 0.2186158452
	140 59.40798331 28.30202841 89.76976214 -0.1156000289 0.6382724215 -0.2069778554
	141 68.90622733 57.33135825 18.58053439 -0.4375532556 0.5198454155 -0.01667810732
	142 22.33612209 84.29537848 94.47263775 0.1556115156 0.01936426315 0.1904431815
	143 58.99736772 27.34941131 34.59508057 0.4621126739 0.4204865853 0.06541675682
	144 96.23082035 60.37133813 7.608600868 -0.8405000899 -1.145169144 -0.4295222751
	145 54.25018646 64.07339424 73.27347288 0.08367295674 -0.4890096303 0.01089089986
	146 74.14074284 47.08558625 34.86209072 0.5005847532 0.3140818765 -0.03110619287
	147 50.23344883 44.50495579 96.53119361 -0.3417850507 -0.2352182644 0.4769610996
	148 5.571789643 56.67194363 7.212324182 0.09077477924 -0.1663757505 0.4024717132
	149 47.31487645 80.20449373 10.06344229 0.06534334344 -0.554655894 -0.2712323109
	150 27.40198908 96.0654318 9.448731808 0.9022563272 -0.4356537126 0.6214479405
	151 11.69893482 24.91049431 74.26381103 0.5498984097 0.0819340567 -0.5265529525
	152 4.74948345 79.06413808 34.34762058 0.434161 0.6462167074 -0.0875721154
	153 36.70983507 20.86354045 83.49515438 0.4287759222 0.3539389092 -0.1310591866
	154 49.37274756 91.94432538 95.840202 0.4403451802 0.3694903111 0.2470664658
	155 51.52283609 100.4638179 75.54452364 0.3302239605 0.444115101 0.1558846133
	156 45.68588709 98.24073256 0.2809845538 -0.8815280857 -0.3353042427 0.4448338427
	157 7.395103801 88.92388249 27.55995216 -0.5952307989 0.2799442598 -0.1163176946
	158 89.89764095 17.24720277 32.91768631 0.4448874097 0.9604823719 -0.27831918
	159 84.58011417 82.33974918 19.47721698 -0.01260848026 -0.224434249 -1.300136082
	160 74.20162261 36.79586046 48.42745976 0.3396020216 0.009446134501 0.04558715529
	161 89.91742207 14.49970292 45.25521973 0.3597746665 -0.9539515286 -0.7983972119
	162 65.37764676 68.43098324 9.35831496 0.7753813831 0.054585373 0.07875570099
	163 62.91231776 64.43748412 53.4114412 -0.2423346551 -0.2246945906 0.02537937329
	164 24.10471505 35.33864754 99.08394623 -0.8451827516 -0.1510729109 -0.7002330655
	165 82.4996398 10.69132092 49.22344119 0.3491156133 0.1688561961 -0.7532874338
	166 46.69131094 47.1503927 48.28894175 0.1655371471 -0.3721659895 0.5929351621
	167 15.46788091 75.89018756 13.87381456 -0.427952804 -0.3364129698 -0.3378829752
	168 45.3543081 82.87660209 30.53312783 -0.5023651619 0.2007304382 0.2142232795
	169 22.97822815 9.806313974 36.73062303 0.1534159101 -0.02236763229 -0.004195715118
	170 17.16501364 12.45068851 34.06513445 0.9645280939 -0.1604595202 -0.2695707504
	171 87.37625126 44.6317012 85.46136245 -0.09463128942 -0.4318278431 -0.3322572069
	172 13.27641281 46.23494336 76.44489526 0.08613619097 -0.881691613 0.1556449609
	173 84.73391706 17.56789549 7.978263281 -0.3183615093 -0.3280083305 -0.2268299336
	174 24.38436471 78.49142713 8.886480917 0.01135690736 -0.02383856614 -0.6522695589
	175 93.02581338 41.42516834 61.64170631 -0.197609372 0.2378061609 -0.5723521586
	176 1.012485925 90.21872467 39.07770789 0.07017452792 -0.5963637142 0.1116743077
	177 81.70618228 69.62034092 98.69740054 0.4089380433 -0.1556494904 -0.9835219185
	178 97.12808548 97.39867376 48.05913203 -0.3990932441 0.2944363059 -0.7781126378
	179 9.653534259 99.26436412 1.156951389 -0.6913290213 -0.3713633944 -0.2745812291
	180 1.537970265 91.01538783 26.23732061 -0.2644669982 -0.01275021661 -0.8334718745
	181 34.43560483 63.39674913 67.76870194 -0.9159626036 0.01520740419 -1.214695363
	182 57.2821209 20.77273364 20.66510427 0.4071620551 -0.147166966 -0.2945309374
	183 91.36119495 36.31760467 -0.03847856386 0.1949156148 -0.6847119607 -0.547232914
	184 2.87592568 57.28505507 49.7899663 -0.1934195882 -0.05408122696 -0.1333212228
	185 14.26511573 50.78026877 22.64023465 -0.1974271577 -0.1232752236 -0.2410542241
	186 8.319740076 50.79073855 1.459072598 -0.8446498097 -0.4540025297 0.2599295313
	187 64.3707328 95.35336293 87.51380596 1.355946422 0.05024723895 -0.6965818479
	188 70.04798001 94.86331713 84.30667517 -0.4537659709 -0.08412863288 0.1019936655
	189 55.69241171 48.99932553 59.38505998 0.5135921754 0.05189176825 0.4638190996
	190 43.40449674 1.933707102 44.18793101 -0.1353307358 -0.07794996249 0.7334055929
	191 39.62108942 32.42140194 59.8253168 0.01701656683 -0.09405056127 -0.201225577
	192 59.85463912 45.47919444 69.51646698 -0.2163102247 0.01508065726 0.02395266507
	193 2.184242485 59.44202266 64.66366343 -0.9860743465 0.2675391949 -0.2986191517
	194 52.19540527 44.7410918 98.99067205 0.5343156154 -0.3214205251 0.2173950814
	195 36.94532492 6.393358748 63.07236393 0.3464329318 0.03745194981 0.2611964611
	196 81.65059293 4.14517608 43.17157151 -0.1070280564 0.004529302435 -0.09573516186
	197 82.81094977 45.11660693 26.84931074 -0.01254591595 0.1941432738 0.08630496275
	198 75.46717102 53.58066279 42.94465979 -0.2678206164 -0.8740667848 0.9965370195
	199 6.192110311 16.49488058 54.0707308 0.6503088236 -0.7052826658 0.3675814276
	200 23.85966287 49.20817386 46.02068523 0.3724189878 -0.423192479 0.2034767031
	201 49.69536713 44.30773695 58.66464031 -0.3957430816 0.4727055494 0.9137200535
	202 40.09720604 43.06933972 20.71558077 0.5685476316 -1.168970861 0.02652586273
	203 85.30896484 99.96205926 73.25085348 0.4972668198 0.2253432994 0.1788610911
	204 86.31288851 62.29854754 74.66408088 -0.1283546871 0.8135654297 1.050418122
	205 61.87500377 50.73913005 58.34614508 0.2517720164 -0.1488446463 -0.2328494153
	206 36.07999296 93.50689869 2.116390957 0.09544942563 -0.5460302186 -0.4534165798
	207 66.93372389 62.39388425 10.44187302 -0.4428590624 0.8418907168 0.09362033741
	208 23.15958953 29.09173895 74.78256131 -0.4515486641 -0.4261922941 -0.1471922598
	209 82.10247666 74.59545819 79.20475351 -0.2296759145 -1.264909694 0.285158061
	210 47.6827877 23.16718265 62.23833743 0.7564129962 -0.09983810816 0.0625237131
	211 67.2072976 55.07635766 56.29103718 -0.7764666454 -0.09835242214 -0.1702931489
	212 26.31223429 56.59653157 18.95326445 -0.08535411741 -0.963252438 0.5705065645
	213 59.78171261 32.92262291 93.43309993 0.1298817195 -0.5442855117 0.4164329733
	214 32.64967221 61.89294996 21.25174816 -0.2042549956 -0.1741196072 0.3781509263
	215 12.3082211 89.30325729 43.30506495 0.5768204569 -0.649038064 -0.1551416643
	216 88.23638933 37.43191257 7.918935402 0.4385250061 -0.3169351517 -0.356969317
	217 80.44112109 77.10035511 27.86219213 -0.1945211183 -0.8695976814 -0.2113356201
	218 15.10995789 84.99996162 76.30497798 0.145508566 0.4260901777 0.1829097372
	219 7.865648375 98.5897667 85.84334959 -0.1482496791 0.4691619667 -0.0655042801
	220 32.50789325 84.80331349 60.14354435 0.1853788137 -0.364958754 -0.006955598713
	221 51.12829961 25.90552909 35.0476781 -0.4158748153 0.3718800041 0.2180559562
	222 37.64531286 91.59420764 25.03594879 -0.3322703091 0.1316948038 0.04033107845
	223 83.13653441 19.35469542 68.94225741 -0.3305596404 -0.1244992417 0.1005823335
	224 41.36492716 94.98203885 70.10486717 -0.3851637841 -0.9075514356 0.5020452474
	225 97.40700579 62.59169462 30.85014216 -0.1278760812 0.4907638608 -0.04666360813
	226 -0.07627756209 64.5000664 83.93920965 -0.3314505393 -0.09861604414 -0.1867005908
	227 12.35046423 9.823931887 39.29974636 0.4453466666 -0.05647441533 0.01486436397
	228 30.39994293 12.27203294 73.38470209 0.08176067038 0.03787084062 -0.4288670714
	229 51.24745419 69.55371552 70.50176486 -0.04232295698 0.1940120754 -0.22617685
	230 56.05439312 50.5396664 58.08054048 0.4274374112 -0.4880700604 -0.2399958867
	231 20.58637529 49.96636473 5.742026101 0.6147048787 -0.1924758606 0.614687703
	232 73.5792485 57.01842479 38.89997233 0.5667515596 0.02729512885 0.4836566165
	233 85.85078368 92.24589245 70.77331961 0.4650548626 -0.03203052924 0.7273603822
	234 83.19893528 44.34108752 82.072748 -0.3316687413 -0.07686417928 -0.004644186035
	235 98.42803 42.52711481 33.18381243 0.144731062 -0.07484898392 0.02354828737
	236 20.18360324 33.52523097 44.07289425 -0.2607007818 -0.1098923432 -0.8391957851
	237 58.60249343 41.4755011 13.75843669 1.177848159 -0.1518766745 0.1217784263
	238 17.43854351 97.88114486 35.41841315 0.3631153077 -0.7886691048 0.1726140558
	239 19.62986112 20.04933721 61.8583076 0.6637384827 -0.1265015614 0.1951481872
	240 70.51588485 95.05486477 70.18905518 -0.05227373971 0.8192311302 -0.5041756665
	241 10.73613355 12.15195501 2.123098871 0.2521090927 -0.0722216589 -0.784768164
	242 87.63072081 59.34472046 39.43648721 -0.02279467135 0.2597452769 -0.3957462916
	243 30.70352556 1.973829922 97.27806329 -0.2034266205 0.5529481705 0.59220012
	244 85.46437257 19.33721745 20.90709653 -0.07880698673 0.06968231034 -0.3838195179
	245 52.71021446 38.59646048 30.96269111 0.1155290296 0.3095311734 -0.5315180069
	246 30.23906786 19.22695306 7.624366642 0.7559290336 -0.03722702229 0.8556972275
	247 56.45694753 82.76802246 28.54395833 -0.1699529135 0.3544692292 0.2386603858
	248 11.49953232 98.43315439 83.38384256 -0.1126184356 0.83854068 0.07147100133
	249 9.876581712 68.08257747 21.47427281 0.09602112718 -0.1901799541 0.4771188965
	250 18.88639104 61.55001445 64.07477321 -0.1014472724 0.03495787597 0.6224328851
	251 76.68866317 77.91701806 40.61117343 0.0102528562 0.2010246525 0.3504415782
	252 61.66530859 14.62485228 59.89628113 0.3867608928 -0.0724879633 0.01621697218
	253 85.84279803 39.00464841 4.582200892 -1.148575642 -0.6014196049 0.5343177424
	254 32.03984811 8.179401085 0.3750289233 -0.3156639985 -0.3551207912 -0.2117581359
	255 25.04459452 3.372579053 98.84963852 -0.5921636191 0.2918123411 0.1688430875
	256 81.76489888 56.13138703 17.96943376 -0.08991755683 0.4521944191 -0.01802514145
	257 3.053466171 68.93576933 53.73946339 -0.2014664557 -0.6199023682 0.5493299031
	258 59.93634201 77.29525257 70.36853632 -0.3029518017 -0.6221874844 -0.04302773074
	259 64.63882698 74.42059344 71.09558484 0.7385509603 0.04495631548 -0.3886033008
	260 16.74522624 72.59030079 96.41170335 0.07364288683 0.02663198336 -0.5950375468
	261 23.3446084 37.11730236 22.23689045 -0.1765957999 -0.290662638 -0.4050120599
	262 41.38660966 89.92609616 82.54587164 0.5202978143 -0.4545821633 0.07619735719
	263 55.85129458 66.91549982 50.016329 0.07096427511 -0.1568151907 0.3508731219
	264 25.19863476 87.98623535 25.33207506 -0.05932736892 0.3248768155 0.1205378341
	265 67.11037839 48.29568214 58.83453642 -0.02644913986 -0.1251957684 -0.1562569714
	266 93.94269446 24.89120187 67.0595237 0.03448008446 1.042612351 0.6928672473
	267 88.38709624 72.388726 89.35399186 -0.2956586818 0.3771425831 0.158673063
	268 91.80219699 21.04152769 69.18959612 -0.3272797434 0.05289288503 1.337069272
	269 52.80360731 29.78330023 89.22064168 0.8759820624 0.1928375568 -0.003549796643
	270 20.5970522 9.801979372 43.49458341 0.1230661532 0.5333186201 0.34965928
	271 47.66112037 8.971148944 53.93264941 0.13268666 0.79898002 0.02083400365
	272 99.02693554 94.57119865 43.50158234 -0.3999395375 -0.12702656 0.1004648361
	273 5.347065046 11.22250272 42.92861278 0.274697427 0.6449124731 -0.571108132
	274 22.53750198 85.39839276 42.37162886 -0.7508137636 0.2338139496 0.1860418844
	275 45.07444829 29.08384546 2.01319505 0.5055145111 -0.1468566061 -0.4094482307
	276 58.17305172 54.47826544 93.5207414 -0.3257477731 -0.4085675237 -0.9145465835
	277 47.72067524 36.95156867 1.898745249 0.5063174083 0.2471858687 0.2500146637
	278 35.6112755 42.55728093 45.64039791 0.3017822418 0.295216514 -0.7108489429
	279 55.8952649 3.887722111 89.30765554 0.4452122737 0.3108672939 -0.2443402952
	280 52.92325575 78.5866975 82.96799053 -0.1465562228 -0.265632487 -0.2177661573
	281 8.141499682 77.83970139 75.61633701 -0.2698901069 0.03095206563 -0.681332932
	282 55.71507452 2.711923944 79.58914016 0.3312314729 -0.5925387467 0.1172778064
	283 45.7072164 59.0962084 68.56128491 -0.3283044383 -0.2061302792 -0.9023109992
	284 50.81900727 17.1838291 61.01952919 -0.8946348897 0.08878622885 -0.02405541343
	285 62.02794703 67.76550411 88.55945441 -0.0796055055 -1.076956977 0.7735057208
	286 45.12443361 97.97397484 45.48334809 -0.3002933397 1.369153169 0.5343900567
	287 47.56300148 21.42048104 9.133857364 -0.275670869 0.7782538203 -0.1946237946
	288 76.27026076 4.320198697 14.57615756 -0.8409378137 0.02156856042 -0.1522591686
	289 77.96048075 52.80932522 51.11060685 0.5336532208 0.2856957214 -0.4341216911
	290 67.04664048 14.62577868 90.47751545 -0.9049859588 -0.1621377545 0.7528423502
	291 5.848610009 79.90304723 19.84705916 -0.006068861751 -0.06217110572 -0.05307578238
	292 77.89865015 48.02887695 64.24731272 -0.5226323049 -0.157983981 -0.5544906361
	293 33.30552349 46.39716796 5.287563146 0.3548681924 -0.1166973147 -0.1695829473
	294 94.03912821 26.25186475 18.59833072 -0.2772452833 -0.8922688328 -1.164142354
	295 85.61581682 49.22430703 48.77248712 0.3877007073 0.3802408721 -0.6054577226
	296 19.9296412 65.29509666 93.53599804 -0.05048206047 -0.6994818245 0.8303615974
	297 76.90983451 6.893897581 70.67726023 -0.2278454331 -0.463681573 -0.3116169159
	298 76.7227155 67.30143942 19.94410106 -1.164195056 0.6991533417 -0.04285384277
	299 36.87924012 28.661238 88.83364736 1.15742842 -0.2630771415 -0.6095807513
	300 35.44196703 62.58236121 72.39030938 0.1806528029 0.2202390241 0.1650780367
	301 23.09498432 64.43819174 20.04658112 -0.02619532387 0.5103074321 0.01277617067
	302 62.33904157 78.73534298 96.58423275 -0.2182051173 -0.374330731 -0.08006266819
	303 58.27637161 60.89952509 1.713408563 -0.230808596 -0.1590752162 -0.04447303642
	304 8.777857918 13.56994032 35.59170109 0.05087350275 -0.3238318627 -0.1211665625
	305 38.42992812 5.540135698 83.82786149 -0.2830426665 0.7788182467 -0.03208218965
	306 28.53487553 48.70882845 67.62922939 0.4140238875 -0.3547526081 0.3808277244
	307 78.99812763 55.0127785 33.44996972 0.1806793215 0.3513472592 -0.3333897496
	308 96.94381537 63.6797691 26.7236168 -0.1231962307 -0.157064719 0.5711999859
	309 10.30238242 21.7954892 96.98333743 0.6837730675 0.1401496707 -0.8574764432
	310 40.63414196 23.8260585 31.61591751 -0.3922524806 0.2051391244 -0.4639975513
	311 68.18283221 90.35705228 45.61241423 0.7476209942 -0.4264749483 0.2827016903
	312 58.00614977 90.04184249 83.93521103 0.9355135016 -0.5155741107 -0.9512460101
	313 5.961223756 22.24336465 36.44049548 -0.1584113136 0.6387214353 0.4156012316
	314 0.9257238853 40.58242672 49.42816894 -0.05817015771 0.001261112638 0.4268994212
	315 16.79686786 45.33100337 53.53611911 0.1200055448 -0.6129393775 -0.5451702054
	316 41.35253177 38.41347431 38.6111884 0.1640900717 -0.2981698129 0.3926100839
	317 73.30321178 93.7055131 39.97119615 -0.5549860648 -0.1359745884 0.3755669084
	318 89.10983659 28.76140922 91.57502496 0.3633728292 -0.2916101809 -0.9685912933
	319 78.28928999 45.5647061 52.57626166 -0.07067155758 0.1135456521 -0.2336983749
	320 9.082288555 76.37157763 65.70298543 -0.17606289 0.72867592 0.3278900146
	321 46.29880086 48.12435583 62.93856052 -0.003481384179 -0.2356591261 -0.4622600406
	322 54.42901572 62.13907846 98.71634924 0.07315085783 0.2443129648 0.1417097333
	323 52.93678006 78.46647834 15.23046049 1.042128081 0.5747683138 -0.1236100247
	324 62.34739168 88.56689847 43.26508584 -0.7014407787 -0.1028575152 -0.1384663696
	325 4.840921837 36.16904896 91.1339263 -0.1419653013 -1.161839603 -0.6901252454
	326 48.54707299 24.35234813 24.1335756 -0.03253511409 -0.4159596124 -0.8412513908
	327 84.2295028 28.06937665 28.7584396 0.3419590104 0.1555520991 -0.1728195534
	328 88.37975659 80.85298486 79.35249338 0.1224606466 0.5378009524 -0.1957955943
	329 93.16411586 94.02058514 84.90835035 0.4855685465 -0.5813558561 0.2234719188
	330 15.11448011 1.383337975 89.13970996 0.06602243326 0.7947385951 -0.6140361856
	331 8.590592367 68.02792191 14.47156546 0.7978397679 -0.8728446012 0.4163183812
	332 56.202512 51.66444644 67.03915138 0.1601421173 -0.1685644503 -0.0364075323
	333 45.20913449 68.60100784 54.54928747 -0.1531302104 -0.06813954845 0.1469997525
	334 90.91569239 81.02576576 60.41555368 0.395597713 0.7797215728 -0.09846980326
	335 30.03973227 16.12763951 73.23293199 0.5128578302 0.5918579263 0.05035773605
	336 17.3003178 52.51241589 67.22012843 0.5056017759 -0.4063083653 -0.06127917433
	337 15.92938801 91.61037195 35.68078882 0.3244760493 0.4865237238 -0.4663846273
	338 58.46876639 18.77523426 78.77636651 -0.1647852792 0.1342237953 -0.07557186062
	339 20.98082301 0.6929783764 74.54834411 0.1781043002 0.4783290839 0.3718733526
	340 3.315910296 91.93732618 74.32104144 0.5785080676 1.32022384 -0.1417379805
	341 37.99641175 84.71127153 90.02708076 -0.1409805921 -0.04270302704 0.357765925
	342 77.79096925 21.96031987 46.00485819 0.09715704286 1.038851751 0.510950465
	343 20.45350966 66.61142509 66.1421353 0.1606386137 0.06349906511 -0.00556299044
	344 38.07971799 83.21909228 74.61060398 0.1179303756 -0.343894985 -0.6332782325
	345 21.52400592 99.03059852 16.1955548 0.3939537415 -0.4737626965 0.3722040952
	346 52.23120712 90.51874231 44.16310231 0.02351627729 1.011364006 0.1095597911
	347 1.514512447 82.0924715 65.93184576 0.5788521587 -0.2705500125 0.701599458
	348 96.70662407 10.30643012 62.74716775 -0.1731595997 -0.3689809308 0.4471424888
	349 38.36212701 0.4257089452 18.78468017 -0.9866754835 -0.2590091295 0.1622677426
	350 23.07840969 34.92772982 99.68526055 0.8967418834 -0.1900395749 -0.756256689
	351 28.74335783 60.49565066 36.37593003 0.04815900231 -0.05498428559 0.4700892074
	352 60.42504241 6.261361501 67.44194532 -0.1676490544 -0.02617130062 -0.5052208504
	353 88.44486284 80.4994531 40.12363799 -0.7669703723 -0.3930596908 -0.2670305759
	354 4.682008699 25.47429164 50.39334115 0.7175558039 0.3560559486 -0.5216395052
	355 32.99617415 90.97269141 65.3030245 -0.2538190619 0.4466073491 -0.04912768328
	356 67.89688302 52.11939565 80.58023153 0.381727758 -0.1826393023 0.6619404182
	357 40.11225422 60.43692403 3.535978669 0.2899019561 -0.1445657743 0.1537617139
	358 1.199999867 16.57680946 8.537040969 0.0410728335 0.4980647022 -0.08502620879
	359 35.8500773 29.70527256 43.25574304 -0.3161453782 -0.7202888669 -0.617681784
	360 58.57475408 31.13532401 73.27193512 0.733314553 0.8283535215 -0.2582958016
	361 55.32745686 54.41430746 13.53232119 0.04749729318 -0.7401653209 -0.3207984649
	362 71.580262 33.54566109 61.03902089 0.4012762365 0.2592092401 -0.4577973149
	363 18.15442906 95.56876162 96.11475523 -0.07711362208 0.3447328225 0.2307011478
	364 95.10737127 34.29038583 30.47086458 -0.3330023026 -0.4755652607 0.1913540332
	365 20.33554019 22.67386557 47.02534615 0.5698792547 -1.097708572 0.2590102851
	366 46.16777842 30.23865085 22.28343332 0.4441988347 0.09370457889 0.398215493
	367 31.44288543 32.96815496 9.733272537 0.005305226539 -0.1458103361 -0.9505091244
	368 24.13288187 64.30346668 71.18414397 0.491439606 0.7111198796 -0.4237902654
	369 54.78424712 0.7848268311 48.85071049 -0.1634975346 0.2247643918 0.2413585094
	370 66.46465079 38.11137224 94.37915357 -0.1712404184 0.2419338342 -0.8248088488
	371 24.99776225 28.90733361 40.27400788 -0.2310049732 0.2549096131 0.667659274
	372 34.59251777 6.451259579 91.3865653 0.7261408691 -0.1507840517 -0.5062008675
	373 6.177064456 7.79036332 91.64404917 -0.2964656907 0.4668115102 0.7942371339
	374 50.53919097 95.74165848 36.29065442 0.2510244192 0.6231331018 0.1536989622
	375 55.73074329 73.81451674 91.58992583 0.5217349889 -0.7589795564 0.4578786677
	376 10.8573508 99.77942814 21.32570805 -0.3432973018 0.1034070182 -0.8242345766
	377 66.19575167 65.41399947 46.51925277 -0.1138011994 -0.5824743729 0.05955618562
	378 44.30222259 41.9151768 73.12612071 -0.3998241045 -0.07683084741 -0.5793108965
	379 10.78924518 11.78710483 98.7313489 0.2990929728 -0.06137640469 -0.0918339091
	380 16.60166758 39.30897809 57.65216633 0.7235176356 0.923185244 -0.1808615852
	381 83.35062931 97.09027701 71.89859028 0.3137039192 0.03347124562 -0.3114882802
	382 12.96278481 39.0067196 24.60391525 0.06308013436 -0.3735356435 0.2558585345
	383 59.1137713 11.40680162 27.6957772 0.5288694051 0.358884626 -0.4422601803
	384 37.89024656 84.85429765 18.45573899 0.8691013589 -0.1836200714 0.1193209047
	385 20.70064701 23.62607213 47.13422794 0.686856838 0.8816801586 0.2116639898
	386 45.98760141 82.07155706 3.840775586 -0.262167286 -1.169172331 -0.02607858173
	387 5.422056566 17.22986818 53.7352586 -0.793796438 0.4048793624 0.005184107658
	388 27.10334559 37.9746896 9.38650766 -0.07672919828 0.7388478556 -0.1021965616
	389 28.43897953 56.40187351 80.80057915 0.1481233769 0.1563535177 -0.05630557678
	390 52.36360779 97.62836577 33.17869875 -0.2379849765 -0.707643348 -0.4862111863
	391 99.51740065 32.56282499 7.804519707 0.09842195735 0.02503185973 0.5259361048
	392 65.93322014 65.41690074 10.14213004 -0.5004463696 -0.3497804412 -0.1650810414
	393 65.33535528 32.67253056 63.67339198 0.1374034735 0.6104544064 0.1002914422
	394 12.75486368 19.07847709 2.670398562 -0.09894671161 0.3848563793 0.4414789449
	395 92.73905697 64.68158175 49.61745818 0.2751353895 0.06272278368 0.1012644261
	396 46.81084708 53.4141913 9.786196169 -0.3751766933 0.5088050112 0.1233287669
	397 50.12263284 22.16399429 31.999261 -0.1407244179 0.1759063673 0.5030701975
	398 5.783162865 6.083939324 10.55889668 -0.5079645466 -0.1468360228 0.5391709807
	399 22.4064421 100.0517746 55.05197217 -0.08076157774 0.8455216449 -0.2264702506
	400 97.02362401 8.41013795 6.091551689 -0.1657343777 0.195958133 -0.2526787541
	401 23.16208148 80.73153521 85.20706024 -0.4029208979 -0.03533877552 0.076378291
	402 85.44853098 69.49531373 65.52164036 0.8191674006 -1.164782043 -0.2470562628
	403 81.65709382 86.40176978 30.68837434 0.4063233877 0.3116647136 0.7879721342
	404 38.62115209 36.84009555 63.76388604 -0.2296037996 0.8613186418 0.1975874836
	405 30.072655 42.05290857 81.12024582 0.6346950703 -0.2186069833 0.9189277552
	406 85.34586083 33.56034159 91.4076212 0.1099772982 -0.5066486803 -0.01843987378
	407 21.26662507 64.13910701 12.78468188 0.4850225234 1.003811116 -0.6677246111
	408 29.52035546 63.58707123 33.04297024 0.1785882787 0.169377098 0.05644324662
	409 48.40375352 43.91788657 69.93066484 0.5468194991 0.02238403039 0.2108593313
	410 87.52497305 26.54966191 22.80365201 -0.1176930211 -0.1280529767 -0.1943003225
	411 5.954437511 19.46526323 59.21857605 -0.5476470331 0.5474885483 -0.9609642442
	412 69.00575063 24.8817628 86.21262378 0.1954089293 -0.3493379693 0.03014803454
	413 56.94671448 59.69289512 90.05685594 -0.7684056469 0.8202690397 -0.2504971336
	414 27.61263942 95.84413257 35.93492114 0.1613845457 0.006105652034 -0.219909991
	415 0.4244277359 94.82250167 48.25308765 0.2116732962 0.2030541508 -0.5670132313
	416 31.6538987 37.85471271 11.48638833 -0.05704949981 -0.2021644478 0.02267964511
	417 79.07462732 0.8785568636 66.11645825 -0.6101244526 0.4538121587 0.257995029
	418 56.58687855 96.84624477 74.99647652 0.6776563033 -0.2308617713 0.7816847999
	419 35.82271727 23.31867786 5.528773766 -0.4209519339 -0.7147088719 -0.1166817569
	420 69.44080028 64.10917205 40.07676201 -0.1958748977 0.2039533564 -0.5194792429
	421 51.75765196 91.15246834 55.31990026 -0.5325954587 -0.01197943148 0.3244742792
	422 46.97710836 5.703773389 73.10093441 -0.6872107795 -0.4412445288 -0.2450609356
	423 78.58076725 75.40449024 57.62704426 -0.2796777134 -0.4401365249 0.3052546389
	424 20.96211849 70.87939638 66.78384079 -0.1031063025 0.5585832064 -0.9596834389
	425 81.05428442 100.4023382 12.07316578 0.3398222898 0.9200470496 0.3927906418
	426 41.90122212 89.17530531 61.33702368 -0.0726991435 -0.1529624114 -0.5238497749
	427 27.50177898 78.34797971 16.5206097 0.2781956972 0.07770386521 0.05825483476
	428 45.05671775 86.19007089 42.24480088 -0.03289269504 0.2826307192 -0.7282368963
	429 83.00928087 88.82149423 35.81849426 0.4485754549 -0.1131372997 -0.06045688398
	430 73.41381107 82.56850062 84.3034139 -0.4349219645 0.5884521188 0.2647417062
	431 4.373340235 2.552707728 63.41683369 0.2066426121 -0.3413821054 -0.2982717568
	432 76.16316626 70.90390477 89.55516228 0.6088187798 -0.6020643788 0.4198690876
	433 48.49098253 1.963056043 6.044342348 0.5608179761 -0.3833509973 -0.08718194958
	434 99.62107665 7.941389215 80.80072504 -0.08377472364 0.2076573458 0.3862595682
	435 83.65448489 10.83570715 0.3283266816 -0.1168216197 0.04818304313 -0.2354930825
	436 6.938225568 92.98767851 19.85369655 -0.3131604492 -0.1097032364 0.1354840192
	437 64.10398077 48.82609422 92.64411822 0.3122059278 -0.669338164 0.2851443465
	438 58.61604985 34.51151341 96.68804579 0.2093700201 0.8519770394 -0.3455252925
	439 45.3119726 30.63659621 70.50343079 -0.1424195883 0.1295055315 -0.2734098067
	440 24.73752328 78.90683225 97.13983881 -0.2378183987 0.6529035306 -0.8880314318
	441 71.30020403 74.84884112 43.60952494 -0.4375205246 -0.3404071077 -0.347377609
	442 95.61633289 1.007570367 98.22082965 -0.6203536024 -0.01912397984 -0.7301918629
	443 7.646208196 85.10768673 34.58226026 0.513521846 -0.3599542088 -0.02111198533
	444 20.58167834 67.84833222 77.49531397 -0.2727650855 0.9407494601 0.2088848841
	445 76.7034119 73.06921053 5.208739465 -0.3281892239 -0.5309797684 -0.4563803679
	446 69.19564724 76.51040472 78.46767808 -0.07203483511 0.4072838656 -0.2146812655
	447 49.33485383 92.62046408 35.54542064 0.04570723663 0.1100925117 0.2307518061
	448 84.07791198 34.38250633 35.24426333 -0.6635766946 0.3704704892 -0.2368038583
	449 46.46361818 80.17092607 89.68934695 0.3118675028 -0.3509190913 0.2701039163
	450 73.21048743 41.69819577 65.59011193 -0.09729192149 -0.04243863977 0.06892460069
	451 92.33014813 61.56115104 67.30995641 -0.04665031133 0.3766833609 0.00985914519
	452 30.30141046 70.90223103 28.85355416 -0.01391369292 -0.4104016027 0.3651690052
	453 38.93542698 83.93901052 28.13897745 0.5394997924 -0.1059858843 -0.1864503385
	454 87.3719489 32.20029008 70.46252708 0.06843838715 0.5107985713 0.8430301596
	455 48.0739143 47.97799613 4.920268527 -0.2395796867 -0.4212074885 -0.1448802617
	456 78.52195963 24.83781954 26.60194041 0.2434002354 -0.5203316531 -0.1747807956
	457 91.35994936 60.37369398 75.83378609 -0.2470437344 0.5448220219 0.5769197696
	458 71.19083023 22.11599575 73.5000304 -0.7815797759 -0.5159976184 0.2762655812
	459 62.30270434 6.965832826 27.10711508 -0.2769953603 -0.9641575159 -0.08492674369
	460 57.12102829 70.50231031 91.04219386 -0.5504952133 -0.251714739 0.116798326
	461 5.042440962 69.11065008 75.90111495 -0.6817897616 0.1084051359 -0.2748449443
	462 90.50035189 20.36048885 40.34153749 0.3808512285 -0.4275031792 -0.1694142186
	463 35.14918996 42.51452211 77.98405975 0.6736084271 -0.2716148276 0.6692095812
	464 49.22839788 54.45534381 93.33880124 -0.1894644437 0.1196362483 0.08779308975
	465 39.03764376 65.03495771 14.33499539 -0.06609107048 0.6340323999 0.1280428513
	466 75.633785 23.12633665 25.15956736 -0.03907619631 -0.4515589214 0.3848721313
	467 64.87742904 49.19929774 15.52954121 0.6917213124 0.1483799601 -0.2503122125
	468 29.80530968 75.4468686 71.16332677 -0.0687321589 0.5077025994 -0.3847695741
	469 80.37612699 34.53062921 42.8867253 -0.5047014274 -0.5452282077 0.0620356093
	470 94.6826156 35.14468856 39.48151304 -0.1480351154 -0.6808997364 0.8194025711
	471 69.35773332 81.77447565 90.48664451 0.03539097924 -0.0182946469 1.249054905
	472 79.70726008 35.61682521 83.94808716 -0.2211113786 -0.04451056829 0.357492178
	473 61.65564245 49.89328559 35.54694428 -0.3308085371 -0.4969645902 -0.4600156167
	474 37.52959372 91.26563867 1.570383715 -0.2458957997 -0.3050765978 0.1026252868
	475 56.16726738 8.013910367 29.40127736 0.2458669057 -0.4657102633 -0.1678236706
	476 62.71738354 75.97680804 66.97383248 -1.097115454 0.3084514395 0.7839569847
	477 36.85945737 28.60549752 98.86860893 0.2875614469 0.3497844663 0.8121610201
	478 46.27823206 56.0628226 45.1316989 0.1097660826 -0.01769728248 0.4059608926
	479 36.82282756 59.0525323 71.90472557 -0.06443519736 -0.07154497728 -0.3136602098
	480 76.63854136 40.37664501 61.58990616 -0.07386594851 0.2679101086 -1.035993491
	481 46.98476076 85.77969038 15.49435598 -0.5014243153 -0.5187748332 0.5383331762
	482 12.49670759 28.94599498 45.01661854 -0.03163183041 -0.03909331112 0.09553942142
	483 84.19737693 68.69354957 49.27000733 0.2561604947 0.2072310857 -0.5304354482
	484 49.24881158 68.50469992 18.21328658 0.4406865437 -1.067163871 -0.1801854136
	485 47.78157654 96.58668172 14.06351943 0.07986179267 0.3471337292 -0.2269671208
	486 88.49715442 61.8697702 72.40535473 -0.1819892197 -0.3805358324 -0.2565104404
	487 29.7613959 29.83291771 93.70011617 0.2473980253 -0.09479968805 0.358929606
	488 64.79478539 44.64862447 96.45606969 0.2298347416 1.135044832 0.9216689252
	489 75.24156295 50.6129836 29.43661684 -0.03561414719 -0.5260828666 -0.2534653141
	490 14.74207621 50.06819169 50.2892356 -0.3463542598 0.2974581539 -0.01516853222
	491 35.69852061 38.50314758 52.08287814 0.3497947945 0.2757950094 0.6798300057
	492 50.83791472 27.74765506 74.27777649 -0.7171416694 -0.1458318608 0.1552162297
	493 64.94902224 36.54697627 17.77948988 -0.03857775377 -0.2215324086 0.40301882
	494 70.86520954 10.91478682 32.84425541 0.06298244136 0.04767515894 -0.6866450345
	495 69.88195161 96.86313933 82.03895548 0.2255577682 -0.4027025322 -0.1763639334
	496 17.02366386 82.20429317 26.01075564 0.5771531802 -0.1977177378 -0.1051428179
	497 9.221456255 99.23419128 65.17007382 -0.3885242524 0.1132838541 0.0118087464
	498 26.1772489 93.27882883 37.40001911 1.446116555 -0.03572646493 -0.09726879503
	499 44.30474018 40.9282163 85.84851612 -0.1488686661 0.2563099557 0.3924282315
	500 7.906070894 79.89303099 48.56135276 0.471832375 -0.1006567765 -0.379323742
	501 13.99181056 97.26497907 48.88514961 1.231471964 0.3477635878 0.4539664969
	502 81.24875419 55.94402972 24.7402534 -0.2873435848 -0.5705685697 0.6403673063
	503 23.94307957 92.34874489 31.65716686 0.3798076883 -0.3694448091 0.7791870267
	504 46.44501929 20.61213366 3.908295542 -0.05291237293 0.08236656605 0.2292997626
	505 42.37397384 7.579079143 3.991477131 -0.2436512898 0.7252863204 -0.3806687268
	506 35.47961005 91.18745299 10.84409416 0.2648621819 0.1791297742 0.9013871387
	507 40.01050987 27.29166521 81.84537344 -0.1400797656 -0.07086875221 0.4717122076
	508 20.68295217 92.36328816 53.18604967 -0.2352895227 -0.4403109103 -0.2835523928
	509 10.97259819 76.35392658 70.97510263 -0.02589535374 0.7432788985 -0.04024342542
	510 66.49284904 64.14587965 81.18278577 -0.2024104737 -0.9568821445 0.9081368809
	511 40.18454417 13.04478654 22.0111388 0.6647946709 -0.1321682143 0.9484439487
	512 78.01731623 52.15259283 74.87481228 0.1657591924 0.2978424429 0.6650433789
	513 2.837011509 98.5862685 32.53796739 0.8051815719 0.7037676292 -0.6839697227
	514 11.68589875 88.54889379 68.67902733 0.7000737799 -0.32739397 -0.1202924868
	515 100.2406343 12.11657518 85.95119766 0.7669916618 0.1336250184 0.1735770079
	516 33.71664167 41.25455331 45.38366134 -0.3964039365 0.7200564146 0.6580321589
	517 18.53915067 57.53162377 47.51170364 -0.1532339768 -0.3084651448 0.2996873177
	518 24.48533162 65.03669748 100.024976 -0.2488058908 -0.2872774775 0.4715830767
	519 49.2812016 97.85614063 12.7942302 -0.2151897974 1.099390643 0.5473141343
	520 45.87825083 17.7667468 5.624882074 -0.2467710512 -0.3775518502 -0.03953064054
	521 49.7995895 68.3190668 59.13836356 -0.3652237858 0.1001548285 -0.4308538805
	522 14.57517091 60.4148261 68.00195457 0.3255963242 -0.3936693456 -0.2969072453
	523 19.03462886 20.16812033 24.95829299 0.4913527673 0.9157002873 -0.2634159931
	524 29.88715739 51.20416486 12.04967397 0.6614839736 -0.2478826211 -0.146978022
	525 84.61731501 21.52846819 97.18081656 -0.4565591008 0.1245111877 0.273896961
	526 24.85957008 3.424969952 33.42867639 -0.07516815401 0.6239065475 -0.7109321304
	527 10.62492588 64.94487116 43.2293675 0.3865701126 0.317057275 -0.8615978669
	528 48.37568842 56.02016389 80.71272127 0.2963265127 0.5272272649 0.3767526612
	529 21.31052781 70.36061793 1.185339104 -0.1394534085 0.2247449745 -0.01499086734
	530 23.87944275 77.5931636 85.63969518 0.212888991 0.691570893 0.4214255124
	531 48.19086805 97.27095039 49.36585413 0.5612028035 -0.02234166068 0.04741707123
	532 94.08503263 78.01436303 85.36217729 1.062267079 -0.4825717109 0.2772166922
	533 91.43329297 69.19857334 98.1243771 0.4049296335 -0.5710315511 -0.237683768
	534 3.704595213 54.02005926 45.69739244 0.3602230709 -0.7779630366 0.2928825973
	535 93.49482837 36.37814102 27.07676377 -0.1616128481 -0.5066917841 0.5444011669
	536 75.92242702 89.71851194 61.14662364 -0.09946731698 0.2466288963 -0.575344447
	537 82.25127542 48.49604676 28.70215338 0.7031551707 0.3503155709 -0.8956245353
	538 92.94102459 64.88710235 92.94479172 0.1774322411 0.6178802628 -0.05863127204
	539 52.47234523 64.28571229 22.45094431 -0.8204558143 0.5120371011 -0.5310852108
	540 90.36198631 96.95863485 96.00795598 0.5866438677 0.06599557402 0.1294983595
	541 14.65387361 35.65583077 58.90823764 -0.2495173239 -1.570870234 0.3696903324
	542 6.163089804 87.40385588 99.34454682 0.1514104383 0.4442799766 0.01370845175
	543 7.644107073 36.02184192 9.16222881 0.4019479134 0.2751453338 0.02110917111
	544 79.29183841 2.597506485 28.91587205 -0.2351506428 -0.2031554084 -0.2336109306
	545 32.36254782 76.0777213 95.31222839 1.161709413 -0.6523366954 0.01772620242
	546 75.58677178 72.88592612 40.15739354 0.7801778657 0.1580978368 -0.100394575
	547 86.92846381 79.80752399 36.14970713 0.05775929516 0.4641591793 0.8784922623
	548 32.61252684 49.0942526 36.4710452 0.3161976451 -0.1501616134 -0.3878599971
	549 93.46758889 94.8259343 28.65197379 -0.9186425545 -0.3338255953 -0.6250754643
	550 62.50755647 82.5756963 63.59187965 0.5537419078 0.6706369122 0.2026046523
	551 25.37153355 68.73389226 96.8891262 -0.1742001847 1.43643677 0.7694972217
	552 41.97473551 35.36446768 0.8400173909 0.5670760931 0.6428034982 0.3694745589
	553 49.26945278 70.51463953 25.31210766 -0.5516979825 0.8353710539 0.03406802038
	554 24.9746048 31.56986262 94.57956883 -0.114386181 -0.1649695709 1.168707721
	555 20.46346057 28.02710871 87.58813761 0.9262730103 0.6961807264 -0.3029346788
	556 63.26715265 42.54622619 22.33146839 0.540461037 -0.2883679269 -0.6170808737
	557 28.40678858 83.20452875 91.3636044 -0.7545076297 -0.03540896753 0.1604483479
	558 27.00436551 50.35915223 87.68369213 -0.2493726538 0.512992669 0.3819941005
	559 33.18563577 35.98550358 70.08332555 0.00981863966 -0.3108606307 0.03588193718
	560 74.76211597 55.76631322 86.27625571 0.2230424741 0.08488331877 -0.3647199299
	561 78.72177782 87.44003081 60.16410488 1.729531029 2.341756825 -2.36368961
	562 49.01116681 90.84020476 48.65128552 -0.099510272 0.7221756603 -0.006186925774
	563 40.55683225 41.78416483 13.58108146 0.06582992476 -0.8821928542 -0.2233391786
	564 68.53798389 94.73699423 96.45040689 0.04862527468 0.2102508833 0.4332293472
	565 32.72274729 2.072199335 77.88720221 -0.03324835025 -0.4640040114 -0.2944822816
	566 33.58223269 31.19798051 35.60191369 0.02571559477 0.4864006724 -0.260885754
	567 79.80346227 14.70478177 78.37308815 0.3264008778 0.6239428549 -0.1419830255
	568 42.393514 60.47166975 74.73563209 -0.4642598643 -0.3365273544 -0.008135371176
	569 35.33724119 11.87834511 80.98138531 0.727192933 0.4822822654 0.4924977783
	570 25.41254491 46.16850775 68.26990866 0.2373702361 -0.1366138007 -0.7903033078
	571 54.94143954 31.08277597 46.89567025 0.1473377537 -0.5456760328 0.5667255608
	572 90.05468918 69.35334049 91.10525047 -0.5786787178 -0.5027059198 -0.2503041123
	573 79.90971493 37.38424976 3.469645196 -0.4347815454 -0.5871239999 0.06396359293
	574 44.64125583 54.99719584 45.62657831 0.2992733811 -0.9671280234 0.0859253429
	575 24.24602491 5.964336341 1.390533408 0.02283557495 0.02164627807 -0.1196671061
	576 5.124834629 54.02541383 90.74370425 0.7717474165 -0.1516614346 -0.5957747267
	577 42.21621147 36.47413099 63.86411304 0.3943630105 0.4376827275 -0.6250480208
	578 2.542866764 41.08055772 72.72037841 0.3433089456 0.4698441711 -0.0066746091
	579 72.74793706 82.12866998 75.91712543 -0.3295325162 -0.04462956477 -0.9710058561
	580 38.25040959 41.83783642 56.53963843 -0.4264662754 -0.1047380699 0.259784186
	581 45.13863053 27.50903644 36.14541353 -0.0154507373 -0.2066582942 -0.134811623
	582 23.70371477 17.36026191 24.98609121 0.07605770344 0.02628806771 0.6438066142
	583 57.08982483 71.88062166 32.5317917 0.6654566416 -0.6590914715 -0.3676339998
	584 80.94425087 50.6743127 43.62769399 -0.5284478951 0.4722153688 0.3838647548
	585 36.91872405 29.23554252 30.17302886 -0.2836956224 0.6832934219 -0.09333613077
	586 20.74157339 79.79083007 12.14568885 -0.0743467013 -0.05289217986 -0.2467715272
	587 53.3415248 71.94951146 20.57025447 0.684407758 -0.08010520067 -0.09214680752
	588 45.04118789 67.15254351 73.12869642 -0.5328407315 0.3527821237 0.5664728009
	589 48.70622296 88.61290825 97.08543208 -0.9920841988 -0.5437886814 -0.4126368012
	590 36.08026471 75.2540307 22.59794807 -0.3481941765 -0.266532251 -0.3298209777
	591 39.38585142 76.89953559 13.1387219 0.8936987348 -0.8751061389 -0.1661855582
	592 84.10554933 11.52983948 24.36132196 -0.4069289796 0.2652788109 -1.877688027
	593 50.55583831 75.01229707 52.09861361 -0.2169352009 0.2114331144 -0.4160008573
	594 97.66669685 64.55032869 21.61991271 -0.1345822704 0.7891835519 0.02337443892
	595 93.96318506 98.72833027 84.45325714 -0.905668618 -0.16056368 -0.1877827601
	596 0.1632250555 88.65511722 17.87129994 -0.3389683334 0.2029948725 0.3762884618
	597 52.17006694 66.31165782 47.28128133 0.03157649236 -0.1826911355 -0.9188007586
	598 62.4443542 72.30175531 14.87223275 0.6502390514 0.3152110756 -0.2587884817
	599 0.5798591564 6.049789724 42.49813522 -0.471962934 -0.0236608439 -0.3618611357
	600 44.33077806 43.94361594 37.05357944 0.651770883 0.2137369803 0.2198737713
	601 58.1473425 66.2601629 50.75403146 0.1345898116 0.4898830539 0.05045324222
	602 50.34967239 1.242106646 98.72901327 0.4731668588 -0.3385918358 -0.09023736661
	603 87.17638382 54.30905224 77.17343239 0.1001931004 -0.3663048954 -0.4402739278
	604 59.71111515 37.38436576 41.10075599 0.06957845226 -0.3413491136 -0.1080142057
	605 51.6100579 70.82956614 76.80893333 1.245162127 -0.1569240753 0.4635932395
	606 13.2637871 83.0009709 66.88095054 0.3063778802 -0.06348161282 0.2031035154
	607 81.95062796 30.64230383 72.13698884 0.08557321559 0.5875341378 0.4525333411
	608 80.17688872 27.05894977 60.40262199 -0.3074113178 -0.3218807199 0.6003362553
	609 93.63270445 62.39572143 14.94685298 -0.2296754197 0.3347710889 -0.1594625602
	610 74.39369913 62.22524499 62.44240785 -0.3358758832 -0.01191271918 0.3896982162
	611 20.56713193 8.182215012 21.79067332 -0.2997078701 -0.1614801 0.07961464902
	612 82.10223465 42.93974369 73.08996897 -0.3769114859 0.8257079689 -0.1679685778
	613 31.55255266 40.17023884 74.05849829 -0.9446916643 -0.6627968558 -0.6138486454
	614 74.15968068 62.92628813 69.00057782 0.4362944188 0.1393291279 -0.3245658852
	615 17.89649334 66.26815383 42.08416686 -0.147608435 -0.3847791643 0.6188099219
	616 93.94773242 12.45105852 98.50142293 0.799663019 0.6840123484 -0.1717071656
	617 71.74572889 45.84722691 70.99021107 -0.3603128816 -0.3441411693 -0.359398934
	618 37.14923838 48.29162422 61.77143078 0.0757492446 0.5279061528 0.2097074478
	619 70.56835158 41.43465144 91.74731316 -0.2879779687 -0.3124046218 -0.009371175478
	620 74.99019265 77.35058659 25.64847819 -0.637718099 0.03972155306 0.07809381315
	621 36.3229768 79.17284769 25.29806003 -0.2167100639 0.06222746554 0.2454583014
	622 16.00000184 68.60201425 34.79227565 -0.3661692112 0.8593578089 -0.5383939227
	623 46.84385415 67.30187363 31.1559311 -0.4831383894 -0.4974608981 0.05915994811
	624 6.325686365 42.61346463 23.34133831 -0.4264450523 -0.412372921 0.5727458438
	625 89.64949346 68.50864355 14.83608411 -0.2560859594 0.0297609045 -0.2195855922
	626 73.81393915 45.55864918 34.45120641 -0.10230196 -0.9587098763 0.4214834234
	627 26.47689058 44.60875798 81.72170584 -0.5828428622 -0.72752441 -0.1127633468
	628 75.77895133 49.46339847 91.8567182 -0.09730225702 0.1278875352 0.1229684247
	629 41.5722089 47.62489852 12.19748185 0.2406211814 0.3500678736 0.9155041286
	630 51.99049107 51.80497502 80.70331988 -0.2463220068 -0.4008213374 -0.2568799442
	631 50.21988349 29.13897764 45.35978921 -0.4795848019 0.8168171047 0.2099397431
	632 93.85030972 96.62040063 96.07524652 -0.05841120467 0.5114293342 0.142261194
	633 19.64343011 84.26115852 10.00617744 0.5109893441 -0.08312899003 -0.5267164997
	634 78.92455642 53.97757205 12.1869112 0.6183273464 0.1844284176 0.1457008651
	635 70.1712088 16.66021108 49.35480493 0.9263819024 -0.3596750254 -0.2803787352
	636 34.15004853 96.041772 65.81827661 0.6446740573 -0.6444340128 0.5042003817
	637 97.80638922 93.49321992 50.12612681 0.6227700849 0.6267529644 -0.03249325448
	638 27.24171811 19.08675275 90.95088247 -0.09646147177 0.2715828947 -0.8253774156
	639 69.71656238 33.16078108 25.3232467 -0.7177940452 0.2980389539 -0.09646606295
	640 39.22637861 90.23670349 80.19502117 -0.3970728965 0.9090837433 -0.03017667365
	641 67.75315043 19.4687445 97.99865917 -0.2549887142 -0.2074344484 -0.3077473613
	642 98.21095195 66.65873736 59.97758914 0.4327809333 -0.664018572 -0.07121216767
	643 36.56390468 41.90140026 96.02860782 0.3213763165 -0.5110892316 0.2640772063
	644 66.6788912 30.12878344 84.34230355 0.3007702387 0.3908635215 0.001787547834
	645 29.08469371 69.26983504 71.84616953 0.2137982248 0.239634946 0.1785256716
	646 99.76706963 88.73302477 36.49751243 0.05227497992 -0.7916828407 -0.5554838297
	647 71.15452735 56.39819525 18.96226219 -0.466955263 1.204012293 -0.5434671924
	648 17.27214018 86.25335407 73.69347076 0.3814473292 0.3600529176 -1.117782053
	649 6.370376298 70.41724469 83.56026012 -0.9660982362 0.8165035007 0.8647265041
	650 20.78017538 27.93488761 59.92707614 -0.412815777 0.1288389722 -0.6651251832
	651 50.45548459 10.34125558 41.96123218 -0.06552831753 0.07910570708 0.3247827781
	652 95.37189941 90.01762669 15.27913296 0.133151405 0.4985909817 -0.2034701795
	653 29.88365431 78.4142159 44.09213061 0.3112025479 -0.7260640515 0.6673071276
	654 17.17247879 28.39370904 53.0799324 -0.03729458688 -0.734732409 0.2137941651
	655 42.48305932 30.59883429 90.04627254 -0.09124625794 -0.03656594743 -0.2924243111
	656 54.913065 12.84607764 84.18464807 0.0912004011 -0.008071089017 0.7945062742
	657 51.97006123 73.82183296 27.49091078 -0.6771479854 -1.006472405 -0.3580741454
	658 4.54565804 28.55234556 60.47863013 -0.2143203429 0.4072768011 -0.03040456026
	659 87.25131699 98.67133511 29.27217405 -0.4612293263 -0.1256771618 -0.2458264524
	660 49.89579389 70.22261685 58.12889639 0.6324609768 -0.4505044889 -0.007350467748
	661 82.44971676 30.2452703 17.75965903 -0.371654473 0.1425330556 0.6485191513
	662 26.23094127 27.4149499 83.55518813 0.0938440054 -0.4351844165 0.3278719289
	663 48.21269282 82.38104864 69.68592242 -0.8812131933 -0.3580367044 0.362952081
	664 46.73455507 86.05981498 10.77398592 0.2764024099 -0.07404379988 -0.6771285483
	665 9.999169108 29.12716103 3.504873686 -0.8727442704 -0.1740529246 0.2894931454
	666 16.25103421 14.91494503 89.77439713 -0.9024226573 -0.6783239635 -0.1004247858
	667 98.45208411 34.4582851 81.00231942 0.4902822122 0.1381065528 -0.0906138555
	668 29.50822301 1.945891232 58.49383208 -0.2311983454 -0.4388953424 -0.4045924191
	669 89.60174306 93.26189378 19.61860835 -1.057710347 0.4261695025 0.1374495084
	670 68.98260771 9.386821388 32.72302042 0.1946725171 -0.4661290698 -0.03597017253
	671 99.52744275 92.66071255 76.66881289 0.7663298634 -1.394922165 0.1428125521
	672 29.72885167 14.77909882 25.48603058 -0.1179265143 -0.4391490752 0.006206669825
	673 34.80321057 94.94474574 63.8604177 0.1848100214 -0.138446071 0.2981516678
	674 45.66480569 26.18304387 30.86753337 0.5539034541 0.2758905185 -0.2187793369
	675 96.0945595 11.35430712 72.34050152 -0.7034352881 -0.1375539757 0.4038059581
	676 22.54987141 77.04157396 28.29348738 0.2048714659 -0.6306926369 0.0227096831
	677 48.8477146 95.77283 26.7277479 -0.7481318799 0.2298279838 -0.2254846549
	678 52.22411186 55.77174569 98.31157299 -0.09049189592 -0.2683899923 0.5034982853
	679 86.47594152 47.83122275 69.57413795 0.06660420893 -0.4404250305 0.3241232312
	680 25.28648261 69.6302899 14.2679926 -0.214473887 -0.3586390005 -0.2848854404
	681 15.92341843 28.4861867 88.03897286 0.2982920867 -0.2851822506 -0.202981756
	682 52.53100607 23.85209984 86.83577556 -0.2963496876 -0.4146330418 -0.04313100412
	683 32.7607247 10.04376127 22.07551696 -0.1112138668 -0.4956749032 0.6685841602
	684 65.21748052 43.79160951 95.80868109 0.8754599419 -0.8459695036 -0.5821201697
	685 25.20199724 54.91406119 44.61456123 0.3988621978 -0.162893294 -0.2205896183
	686 21.3298611 44.8715517 99.40791693 -0.2793381662 -0.9769151393 0.09994333969
	687 87.61666162 47.85656923 35.03104269 0.7946487891 0.189663066 -0.5053369918
	688 59.46558746 96.08130039 55.69141639 -0.1360476955 0.4079136661 -0.0607424019
	689 100.288308 27.69890026 82.40251672 0.319636101 0.382797646 0.07299780938
	690 27.79498884 85.82193247 24.69465291 -0.5040166207 0.2976538372 -0.9547796148
	691 87.14818328 17.22105229 58.81934296 -0.3449468164 0.4523468702 -0.82595154
	692 96.64972098 90.05215188 95.33369981 0.00852433062 0.7606238863 0.4907398899
	693 35.98411095 36.89754098 49.68103584 -0.02416716198 0.4549187004 -0.1859201784
	694 23.40042151 72.68194965 56.18652463 0.4965039287 0.4643077982 -0.1061250326
	695 9.868059803 20.76672959 0.725608607 -0.2642407701 0.8824402665 0.03418784983
	696 52.08225812 81.71255565 15.78783701 0.1193199633 0.6426856511 0.2828441919
	697 42.26628502 99.64028605 41.44972985 -0.2526733764 0.07278156992 0.1195736973
	698 21.30140967 32.38768376 72.02727647 0.1827222245 0.3338027432 -0.06417769089
	699 48.27422836 90.83947478 70.86410202 -0.09762174154 -0.2642854516 -0.1810713293
	700 53.93863817 25.66197482 45.33414983 -0.2732723754 -0.3088957493 -0.1821603942
	701 18.19604609 22.18497821 90.31817536 0.5378018588 -0.4861889643 -0.2273413619
	702 45.25471999 80.30213194 58.8318525 0.7910867939 -0.2590067723 -0.154343804
	703 73.45959604 97.74692453 24.92092445 0.3149100379 0.01390724667 0.1321036186
	704 79.43594949 18.18554259 19.53166942 -0.258792356 -0.06928158631 -1.342163764
	705 58.88999891 34.58097493 2.00566263 -0.2325373644 0.5737844619 1.010642298
	706 77.79958423 27.72643041 69.77460105 -0.5813377812 -0.5327515496 0.3877004856
	707 41.29865312 20.43270153 30.59187391 -0.1443019871 -0.422869971 0.0566244381
	708 32.32427239 87.70404132 53.7985867 -0.5948588744 -0.8564555404 0.7900987142
	709 77.69384548 27.99062474 0.1462179798 0.2837522924 0.5998645874 0.301082185
	710 79.62951077 93.60821004 53.26725215 -0.6188822516 -0.3255555601 -0.5599403248
	711 78.89249622 2.100249716 30.36720833 -0.7352963484 0.04536859429 -0.0987212356
	712 2.247552273 5.418756826 63.172566 -0.4766688926 -0.01032241633 -0.3156296011
	713 11.11924652 17.85805031 20.81291115 -0.03120802673 -0.5414176326 -0.2157242752
	714 13.39793039 46.30725247 61.28796121 -0.1217494532 0.07582697625 0.8019425938
	715 50.52072122 8.172758567 82.04559896 0.5001046197 -0.1143715918 -0.2267461611
	716 89.21578265 82.02768892 70.36071835 -0.3457289488 0.6451019334 0.3926812948
	717 31.53169882 35.33967081 27.86083837 0.144658605 0.2218145204 0.2240886339
	718 19.82689928 68.24889974 58.13860627 0.04216188768 -0.02704530909 1.11002477
	719 72.96847585 34.75877401 35.71678802 -0.2083570657 -0.4532493171 0.3215097987
	720 93.28404663 67.93329238 56.22176357 0.2586667221 0.2415080294 -0.1830165274
	721 3.406236535 54.0072757 79.89568051 -0.1292497822 0.2394626697 -0.7864753594
	722 51.99984724 78.59128747 39.37201082 -0.03358686337 -0.03492734254 0.2310490726
	723 45.70091402 74.09334124 22.7558248 0.2387258538 -0.0324937295 -0.3001034662
	724 13.31145344 61.38958875 74.98450586 1.123449116 0.1323286383 0.07956382989
	725 57.43097499 79.12183917 89.99072601 -0.386347888 -0.359736511 0.1708775753
	726 65.85843397 8.29738974 85.71081528 -0.503173967 -0.6193746243 -0.2121365381
	727 33.847263 24.45777983 37.80116212 0.5854695969 0.1656265519 -0.001069695525
	728 50.90170363 26.27825001 21.83405127 -0.1056337577 0.05194574558 0.1004849578
	729 51.05906377 69.11389963 58.05444004 0.3710104745 -0.6245497753 0.4662346366
	730 87.51425556 61.21423739 12.76696234 -0.4099829705 -1.793197536 -0.304905731
	731 4.43728097 58.91028837 26.02501617 -0.8086127245 0.5227871251 0.2468101156
	732 42.41853853 14.45263071 88.33608041 0.5012316062 0.2067899043 -0.2509481135
	733 75.44770057 70.47609352 7.161868279 0.4097743999 -0.5338331057 -0.3222458104
	734 66.43890106 79.94356759 19.65472204 0.3416991009 -0.05300950124 -0.1247119471
	735 85.73110008 8.854178084 38.87699221 -0.4845993463 -0.2267914257 -0.07837080282
	736 59.23827723 15.81898087 84.97288438 -0.4718001196 -0.1125863366 -0.2654528811
	737 16.16861514 95.3074693 67.10761665 -0.162342771 0.5909386092 0.7831721467
	738 10.82690881 79.12083575 24.17837457 -0.1107031614 -0.3699295926 0.2994711168
	739 57.49095675 69.45145774 45.70141369 0.4680175897 0.6884823753 0.5777638095
	740 63.2004267 95.23402823 82.22405227 0.0181097682 0.7646938029 0.4384086303
	741 59.25520797 47.69721133 54.3046043 0.01607923286 0.1344725122 0.2589327221
	742 95.07558104 1.731966471 62.11610741 -0.3062471122 0.4355991079 -0.8295984511
	743 21.30601579 10.68092052 98.8651016 -0.313969622 -0.6005571726 -0.3455388989
	744 31.76989756 39.06693616 59.30436412 0.7223986409 0.1001524404 0.03103500206
	745 67.84029713 10.97765885 70.68667257 0.06554026971 -0.8257602805 -0.3582852655
	746 57.31685819 97.96078844 75.15498903 0.1593704079 -0.1708356631 -0.1131235473
	747 79.43236507 20.04697456 24.4664078 -0.335511395 0.2940296764 -0.1966197684
	748 94.84811626 19.07135515 94.91860124 0.2075522189 0.4044736613 -0.9308672919
	749 60.7788085 30.12760889 10.61459814 -0.2595629384 0.07719653376 0.4281765709
	750 41.55215212 33.10161469 88.33200457 -0.09725098767 0.250449189 0.09315251972
	751 47.00658999 63.89343841 83.02046511 -0.06176185135 0.256200863 -0.237832292
	752 76.44045299 38.99907408 74.39372583 -0.2309508177 -0.02265434833 -0.07857543691
	753 31.72513041 54.7975859 86.4507508 -0.8234816989 0.7458222526 -0.04678010631
	754 30.90091388 15.57606452 54.2414309 -0.3711569196 -0.1665973437 -0.5363675864
	755 1.827821717 24.05931637 12.74142648 -0.1422539864 -0.06595716092 0.4720769528
	756 12.84682946 75.01092743 89.00030904 -0.2864363492 -0.2948950193 -0.560494134
	757 21.35440138 3.469107737 79.71355336 0.7096640079 0.3302498905 -0.8228903166
	758 68.32356192 8.520985431 52.85940031 -0.9219644995 -0.1942606118 0.3366465371
	759 77.61132959 15.22092167 1.55365155 0.2014987777 0.7123241956 -1.023688706
	760 13.06008577 45.88191697 12.83203596 -0.1858687923 0.4909998904 0.8387242283
	761 22.50235928 21.50933611 45.02371843 0.3951070648 -0.5235084201 -0.01883220788
	762 33.6922078 10.20955481 89.95427551 0.5700950678 -0.05052495032 -0.2334041077
	763 40.06574953 69.96689716 57.53367316 -0.1153816954 0.3610705975 -0.481330227
	764 79.80558337 2.741051173 53.50783263 -0.1870620925 1.239599813 -0.1608742046
	765 67.81207129 78.05382885 20.46165043 -0.2592346397 -0.01994131632 0.345265309
	766 56.78976933 20.18305978 2.501780223 0.6987927746 0.4196885189 -0.1113729284
	767 10.16304171 93.29367008 58.60681759 -0.3356761089 -0.21382146 0.1125042481
	768 47.0333988 94.04530682 80.03832954 -0.01214159374 0.3759114956 -0.631363281
	769 20.14821 59.47021134 31.24403376 -0.47846724 -0.5394152626 0.139900283
	770 71.19065031 91.44215616 57.61408908 -0.6745459006 0.8639095455 0.4133251217
	771 38.78467211 82.84867616 75.58740443 0.2686228472 0.5061953148 1.068056962
	772 87.15942343 27.49348918 82.34611779 -0.7468191532 -0.279621139 -0.03223296591
	773 13.11524057 19.77010138 89.34803702 0.2442534008 -0.2801943766 0.010865713
	774 81.9667368 74.13018799 89.59569715 0.2735063419 -0.6872580918 0.491296778
	775 24.21453289 80.37127912 16.63960109 -0.4414968109 -0.5964004875 -0.173415858
	776 55.22591276 74.39187901 38.37856123 -0.02233638754 0.1855736751 0.1162515467
	777 56.1317713 24.88085304 37.66789399 -0.4079196778 0.09780641546 0.2772557541
	778 3.653483388 80.71593668 41.67130596 -0.8321199704 0.5522748654 -0.474395422
	779 4.60734844 84.37686289 45.2754907 0.6618169861 0.3158418672 0.4800090121
	780 26.93691896 91.39548946 64.83537582 -0.2376332825 -0.3815834723 0.2154992104
	781 8.825694289 64.18910889 78.18943064 1.165270278 0.1481130928 0.2241277722
	782 74.02036252 14.40475436 14.27662229 0.1104007315 -0.8261337768 0.1342829552
	783 18.49913612 24.17679321 42.31283936 0.1484013811 -0.07569924319 -0.6987417095
	784 13.32353698 97.22915247 66.83159455 -0.3631105367 -0.2083232639 -1.49304142
	785 65.05684511 84.8142889 73.82110757 0.3698675983 0.1617837695 0.02269361225
	786 83.53141064 1.648438351 85.86420308 0.1187797181 -0.1836277517 -0.2488533272
	787 36.47076077 95.06731738 90.28314789 -0.2032546675 0.3833797199 0.5464795349
	788 3.801355368 48.18219202 33.59054848 0.8959683117 -1.014137986 0.06818683657
	789 43.07864117 59.20899018 30.84543293 -0.2929854372 0.3298675782 0.7947658531
	790 75.11916365 9.726962221 93.78642211 0.4048289471 -0.1568697385 -0.3508398094
	791 71.19761892 57.2636257 52.62999582 0.5454928681 -0.3694908897 0.07927107942
	792 3.015872986 98.46737717 52.13987981 0.4975218559 -0.7059477118 0.2549901917
	793 93.29400067 98.58867613 97.73656763 0.2746709044 -0.6044786035 -0.4148357304
	794 40.30159543 24.81719657 94.46385251 0.3714087125 -0.6726368017 0.2673252917
	795 1.727415641 92.97209607 20.93196203 0.2489049972 -0.4487184333 -0.04698138244
	796 45.87619812 41.87730108 100.1199 -1.427511338 -0.241734716 0.3727072218
	797 78.90693949 60.56188297 94.42107438 -0.05993044624 -0.750521776 -0.1076430617
	798 67.46093669 92.40297434 25.47709574 0.03812620281 0.5629831548 0.4299507444
	799 78.88645123 29.2119994 32.53424239 0.4367248112 0.4827011082 0.3601927613
	800 96.17207414 99.2605056 58.98300886 -0.01822410326 -0.01285405987 0.3060639573
	801 56.59792557 10.52737985 53.43761472 0.7496044923 0.1212887575 -0.471437946
	802 11.51550145 89.57313917 86.54880421 0.1666752925 -0.6367803436 -0.2887648414
	803 2.378859084 75.56673389 42.94668598 -0.08086251838 -0.3132888134 0.08228867597
	804 51.69075338 52.61384622 81.41894545 0.3014230248 0.06317985776 -0.4552281686
	805 95.52330416 89.21103161 59.81492135 0.1599795681 -0.5562298522 -0.5739217573
	806 12.58832269 15.27648451 80.91429614 -0.5219346913 -0.350216524 0.06906665895
	807 38.94834444 62.30169635 81.43529342 0.9199659183 0.0508895085 -0.2494983452
	808 24.85464162 87.21427921 97.65884325 -0.08737610177 -1.090977737 -0.1794011745
	809 31.00445061 90.4695376 30.27173237 -0.09971901477 -0.07104835574 -0.1443055967
	810 63.65754313 44.57212248 77.97677176 0.5127583224 0.1953611423 -0.2325333599
	811 77.17896534 30.00690493 41.63412959 -0.6933502425 0.0373223567 -0.1676892684
	812 83.20906041 8.547310566 18.74297474 0.1967664552 -0.2898174286 -0.2469520673
	813 86.15256392 2.286279093 33.67836145 0.3052237423 0.01422727315 -0.3095656806
	814 3.906633706 63.37501979 16.4179699 -0.1986780104 0.430557073 0.3156722674
	815 47.35965899 89.88768212 62.33456051 -0.09731796008 -0.3377154267 0.2577199212
	816 40.59648193 52.26680377 90.41507763 -0.2832082772 0.2593536522 0.9589288056
	817 34.90763377 93.36207428 12.54968397 -0.776156385 0.2054150016 0.385207654
	818 29.11391262 22.23161378 64.80095838 0.3465451574 0.2086845195 0.4428573724
	819 77.66232934 37.54340045 30.20839374 -0.256225783 0.4474918057 0.4410991855
	820 61.10396343 9.027424824 77.9524211 -0.1449439628 -0.3344126425 1.079169244
	821 0.9568674991 98.69567459 72.3855129 -0.1994062702 0.3343746296 0.1826180517
	822 5.173584535 42.14223725 42.5983495 0.2117416847 -0.03833487218 0.01526560365
	823 39.47039098 91.9820046 72.22720737 -1.135935134 0.1850269558 -0.1150778419
	824 99.44140902 43.55062037 2.757994679 1.047107996 -1.444835107 -0.2107833348
	825 47.09801832 64.2780114 63.8311556 -0.05286632316 0.3039091218 0.3372768594
	826 64.15798605 37.42855073 5.320901837 0.02855889697 -0.6964360233 0.8090330483
	827 85.60686168 21.43404745 94.73727969 -0.9913727233 -0.1681586372 -0.2494327979
	828 60.69272418 38.72407764 97.34275422 -0.4572062572 -0.3226572739 -0.3220546266
	829 61.44236819 99.42492321 97.62833044 -0.1870048416 -0.6629513641 -0.04742909656
	830 48.21705617 90.23528926 94.29316554 -0.001678049857 0.06805535605 0.1782803953
	831 22.94458772 88.31599094 85.05292805 -0.01025611492 0.2613746096 -0.4032176545
	832 97.38961296 59.64669311 20.64485919 -0.5702462222 0.1868437451 0.07206375535
	833 41.51232205 32.01217801 21.48492876 -0.2726103734 0.1815402835 -0.1025363395
	834 39.56442544 1.582107393 91.67212432 -0.07163527619 0.5368730491 -0.4523573311
	835 78.52926062 52.1623069 84.34995452 0.114663513 0.12349556 0.9044822419
	836 57.26207654 42.33289195 11.06590462 0.03015532654 0.2051822811 0.345949012
	837 26.53709305 76.32689403 45.89910369 0.07187125496 -0.02677552553 -0.3558417971
	838 29.23885597 19.08984351 86.23529969 0.07631652969 -0.2268566551 -0.03094592876
	839 30.96020921 4.375904784 7.862860172 0.082818061 0.9817803543 0.2760164769
	840 9.920620719 20.28319696 82.63624773 0.4222904526 0.2140424631 0.6945041208
	841 0.4126496931 23.01537605 12.47386364 -0.06038685727 -0.2942353313 -0.3748847586
	842 46.76190457 32.69949093 53.63068372 -0.5755381003 0.1813316206 -0.263227692
	843 6.939251768 32.41482869 46.43020949 -0.5458753353 0.1793239038 -0.2904575159
	844 90.09241947 25.94636817 34.37070869 0.4716329106 0.3997682984 -0.5710525168
	845 95.21155342 39.2417951 44.61679596 -0.3519174249 -0.650824052 -0.6711388177
	846 92.02350922 92.07053728 17.82010189 0.7702329675 -0.137602743 -0.06851075394
	847 96.68621648 66.1906861 10.44093024 -0.9657840287 0.1396242458 0.1524824933
	848 53.02033822 19.59943918 42.00176942 0.1968494669 0.5493746726 -0.1188859712
	849 42.52520386 36.81107866 21.26730918 0.1999366552 0.1778966632 -0.6412035662
	850 18.78555459 7.856454971 43.55709991 0.3775221971 0.563961546 0.008625739789
	851 50.16002025 0.2047570484 40.21836372 -1.155667868 -0.09245176044 0.2755270153
	852 11.19815457 87.93523599 52.70579354 -0.01584514763 0.1772833683 -0.09183479669
	853 91.71849803 2.426109786 88.95021392 0.2220402527 0.671090529 0.7891437196
	854 50.89663537 8.657526451 34.51270404 -0.214049127 -0.5050576248 -0.571237413
	855 18.60409363 57.64968119 49.85087101 0.02662498961 -0.6099781126 0.007844086598
	856 21.68465968 45.52181827 5.003170821 -0.5466014493 -0.1282226088 -0.1344619739
	857 12.14112794 53.06215359 21.70374496 -0.4664921099 -0.3717656534 -0.1532018102
	858 39.82409472 31.570605 71.32367368 -0.8055184169 0.5290286846 0.34720163
	859 43.64271019 97.44300909 30.86500921 -0.007085929585 -0.06123323724 -0.1383803658
	860 14.43729081 80.91159579 71.49668806 0.4321603071 0.4502140585 -0.6032035858
	861 25.71207562 1.496892932 47.38262056 -0.3756567037 0.09625484936 -0.07769451429
	862 58.55838393 10.93266003 44.60998702 -0.1795037791 0.1953615216 0.06518110539
	863 21.66394813 47.31730903 71.09572241 -0.3836850187 -0.2794924335 0.2317550198
	864 56.97733569 79.44928204 23.82159564 -0.5607049015 0.5000190419 0.3657798583
	865 53.10883821 89.13626875 30.88688828 -0.4354704044 -0.3481406641 -0.611095398
	866 4.362685303 89.43721469 -0.2406136959 0.009162685313 0.1311810938 -1.224231627
	867 39.19492958 69.93926357 79.038427 -0.8551715252 -0.467721664 0.09315094011
	868 75.72796856 54.46254197 42.08504573 -0.06987873575 0.1298161086 -0.140813159
	869 71.46253259 89.43690966 89.95543297 0.7542855105 0.8746980558 0.1348843657
	870 83.20667788 78.60050441 31.30043406 0.3192302882 0.6006582155 -0.3581636673
	871 16.29080599 49.04015795 45.71359528 0.3985189279 -0.8455555219 -0.2852255871
	872 51.86893133 80.71684603 72.75013272 -0.352056457 0.8407071154 -0.4352279011
	873 38.40527555 64.20751757 81.32929789 0.1347432049 -0.1386449122 0.2416968671
	874 58.36930363 73.95533249 44.32433712 0.3372057804 0.1841368357 0.306305919
	875 97.34128752 60.55364049 78.00726157 0.3152838994 0.1253409161 -0.4283134188
	876 0.2580941413 99.27783651 91.55361486 -1.159128838 -0.2153538496 0.4737131349
	877 69.20949574 0.05231714605 77.95463151 -0.920332597 0.395077738 0.2194319517
	878 57.95758779 21.11247266 22.16155839 0.5399992174 -0.1240794442 1.163855811
	879 88.01397154 53.04606807 9.929107735 0.1446464211 0.1329124698 0.3462104908
	880 80.67351573 19.82615096 73.18148115 -0.3169748133 0.1482083361 0.4051986
	881 82.51774167 11.66803061 38.72482244 -0.06868559383 0.06042361523 0.5202542699
	882 36.33440405 26.42015989 77.97169293 -0.9517754035 -0.1191901865 0.1961910422
	883 42.18195426 44.24347719 67.30213349 -0.06435266864 0.4402182493 0.4327743233
	884 67.48400998 97.08096814 49.40301314 0.3517982417 0.2351799859 -0.7089610666
	885 87.69874291 77.54846229 6.764086444 0.1650518132 -0.6414024449 -0.552473185
	886 18.4973694 27.86158531 36.11061366 -0.1095680175 0.3376185627 0.6107138184
	887 70.17863446 92.60913965 86.40462091 0.2958502575 0.3281549095 0.66412694
	888 52.0837318 5.600338041 43.24528682 0.04887543355 0.05844433737 -0.04489257754
	889 95.9131908 85.86488725 84.21308332 0.4013974353 0.3715550632 0.2299959916
	890 16.53757003 76.87493269 90.25068839 0.03259175402 -0.1723261148 0.3228608467
	891 29.37090508 93.45035045 93.09931458 0.4342405299 0.3843592974 0.5424586018
	892 96.20357082 89.20604758 12.34922677 -0.08202854217 0.04224500629 -0.01650485685
	893 38.03247441 89.56750285 8.872802258 -0.1782844628 0.3582842816 -0.6763705503
	894 54.52186403 2.854505865 60.57134266 0.220263992 0.1766386064 -0.3830634233
	895 18.28257716 32.86074048 80.58105815 0.02859880699 0.4760506871 -0.3721438761
	896 57.21363109 81.1440493 8.50288054 0.1245237848 0.5202207216 -0.4497679536
	897 13.27225151 10.50716134 31.49697217 0.3637550298 -0.1362303008 -0.1669510479
	898 97.14837738 11.95938786 28.39763367 0.01842523636 -0.212995937 -0.4148538643
	899 70.53005905 31.23182874 64.62961947 -0.1729406828 -0.1997208736 -1.068690764
	900 6.250094134 32.96725843 45.34201651 -0.5839426365 -1.29940987 0.3586860202
	901 91.07312022 28.06016014 86.49241321 -0.3162560027 -0.3605333508 -0.1212562896
	902 49.61107299 42.91478661 85.97840475 0.9586962307 -0.7018804547 0.521341592
	903 39.71831753 47.80992233 65.21138763 -0.6159395024 -0.3403660576 0.1798692792
	904 28.70516657 27.94481953 6.753528649 0.1033050468 -0.403570374 0.7820385009
	905 26.79056404 88.84557202 1.479001125 -0.5953296119 0.1783839995 0.1340356868
	906 19.40945273 22.68911313 65.34398655 -0.05500610876 -1.06374709 0.5133860089
	907 84.04331768 87.60090967 56.92473794 0.204202502 0.9188043354 -0.2867357635
	908 47.04550597 95.92892273 32.30005275 0.3150425228 -0.5463433211 0.1773749738
	909 19.97014737 50.68153088 61.86645597 -0.3876278262 -0.6143432381 -0.6351954567
	910 36.17390878 14.78880192 39.1933708 -0.3009422554 -0.6545863381 0.159007154
	911 0.6329795363 18.62351552 33.00222715 0.2590887231 0.6909233178 0.9067655166
	912 62.96158105 54.90428729 90.62701931 0.1274943793 0.03655267441 -0.5037981854
	913 97.2466192 64.18550543 85.93531826 0.1369972794 0.05075022865 -0.09148250703
	914 91.55474025 8.293392141 26.72846147 -0.3823832296 -0.5013920965 -0.4541743533
	915 43.8593103 96.63317165 32.1491914 0.6692012642 -0.7944043552 0.7465856393
	916 97.89433124 8.443600918 89.46188443 0.272413117 0.2017813407 0.6177482275
	917 71.48859282 57.24017176 10.48509565 -0.0857233008 -0.1157865974 0.2492624576
	918 61.54736266 45.41607047 70.34918947 -0.4255796239 0.4396613368 -0.0384424163
	919 74.8987686 88.4419613 61.02673015 -0.247752404 -0.3364496169 -0.2174831343
	920 8.978651205 1.96052344 92.04692878 0.443456154 0.133483792 0.1805612674
	921 47.09698241 17.12300112 74.09170086 0.7412615074 0.04596227883 -0.5013458159
	922 36.91599967 99.34173699 46.56699197 -0.08983432369 -0.8038904511 -0.4097500358
	923 51.98876829 18.78413079 40.77917217 -0.2530519245 0.2922306762 -0.1601018759
	924 22.5224562 74.31016411 41.24218441 -0.7366541742 -0.6718716089 -0.2820085249
	925 62.87105955 99.24734155 89.22937591 0.2623946564 -0.5129520934 0.07693516361
	926 9.288270688 25.13589299 84.74033097 0.2378204689 -0.927043877 0.2209908481
	927 58.60808604 11.10916738 48.09074435 -0.01476031605 0.4262700684 -0.4909623966
	928 51.53174228 12.77958492 70.81065128 -0.3755704982 1.093794945 0.2552184733
	929 19.72737806 93.37373077 83.79864492 -0.7115809983 -0.1476338736 -0.6321876651
	930 52.97353579 49.78553222 53.28725056 0.6113520622 -0.5887016529 -0.2035994436
	931 46.88730717 34.27592896 45.87825641 -0.931954335 0.2253129229 -0.3547740936
	932 72.82610025 94.98501992 42.22298793 -0.1444190332 0.4578403448 -0.5338223624
	933 95.91065614 41.42934301 90.64500943 0.2882741829 -0.01132048668 -0.5834017126
	934 1.989014762 25.09404001 62.35196699 -0.7525406568 -0.1641007673 0.5122572827
	935 51.88589125 48.75251623 44.53480913 0.3760291553 0.8733645737 -0.5085911069
	936 88.05020166 74.69279421 68.00421044 -0.08468670461 0.7312948974 0.5158849842
	937 93.25883134 70.72596508 80.73848729 0.3575001362 -0.2276532 0.147904916
	938 81.85375298 17.9898235 48.05504694 -0.1717508296 -0.2500143195 -0.2076302248
	939 8.583612473 72.14866071 68.85292007 0.3313794911 0.02226985243 -0.9453680581
	940 20.11635576 85.52008955 89.25262554 -0.1498154807 -0.1956146665 -0.5835082348
	941 45.02162498 63.12947508 61.89665187 0.01931977808 0.7733992278 0.4176036627
	942 52.39406078 35.33917415 44.79756061 0.3634207761 -0.06001406072 0.2343941818
	943 62.20475827 77.28538248 84.35336822 0.7237172662 0.4151280429 -0.3409756679
	944 4.678167056 55.13112455 28.01749439 -0.2137228889 -0.7607095835 0.3279159132
	945 84.44797992 11.5646146 25.96705926 0.2543757703 -0.3807120513 0.2408237631
	946 46.03030876 81.45509321 42.27801162 -0.5296236555 0.6182741783 -0.9205012406
	947 56.95320834 63.14645672 29.10481808 0.6674194786 -0.4857634878 0.7719241133
	948 35.4078693 42.5733747 8.082029649 -0.5857785077 0.0563070421 0.2130491925
	949 84.39036347 35.37300392 15.55261504 0.8040146006 0.169600112 0.6219677152
	950 33.23949559 83.72821248 93.35412065 -0.2889343042 -0.3735789356 0.5587382974
	951 92.74339099 2.539317621 61.85298888 0.6639161688 -0.2202108147 0.1866759701
	952 96.52827987 31.11612006 57.1779457 0.04445000504 0.4115538434 0.2535681047
	953 40.13330584 25.46009601 56.3010408 -0.5757128127 0.1125108155 1.097924191
	954 98.62816542 62.40407108 57.56486267 0.3073793909 0.4301363446 0.2307628532
	955 1.539990239 97.73337787 59.04853587 0.2455310803 -1.172526548 0.817284345
	956 4.664682432 88.68056059 46.82135026 0.4590532768 0.02543089587 -0.5220168032
	957 91.71286803 52.62350431 28.51312484 0.06983407205 0.6804785233 -0.3595137488
	958 39.27276852 88.98446603 5.110858919 0.3253841877 0.3996299414 -0.264731589
	959 25.67776283 40.87028559 61.43331462 0.006817042988 0.7625202972 -0.4982562548
	960 4.75735039 100.3089688 40.36331691 -0.05822373467 0.6283857166 0.2504582539
	961 96.90342667 74.90866605 92.1340108 0.04449960711 0.3766618828 -0.3786082753
	962 0.7263694731 4.818747744 74.9297064 0.2082509534 0.7192555259 0.75417574
	963 88.45936985 26.40699399 83.8912772 0.5641792348 0.08134812402 0.07713034159
	964 24.23487649 30.80461527 55.04319956 -0.2115832677 0.1155029436 -0.2633899559
	965 8.961814853 67.73186458 31.10193062 0.3698158723 0.5378045889 -0.4884624339
	966 43.74169657 44.23409594 90.4374068 1.242677727 -0.5354229723 0.02183280702
	967 4.176507725 57.04226372 68.9173613 0.9173201743 -0.01289081357 -0.5497789888
	968 61.44020536 12.53474834 37.74781276 0.06384488174 0.08520330413 -0.7013370019
	969 61.98354948 6.846921871 14.72643605 -0.4692552418 -0.1251381464 0.3924708272
	970 8.426098894 99.1661106 50.74566421 0.3196681831 0.7166290849 -0.1319480765
	971 3.741698164 18.82297993 51.03757484 0.4858081827 -0.06046296092 0.2531322331
	972 15.38923396 80.72300769 98.47312717 -0.1639367593 0.6711783445 0.04290357703
	973 39.83280171 81.46721219 29.5455659 0.6746705696 0.2396673179 0.2939772036
	974 33.86489444 99.5395513 64.99665588 -0.5447618759 -0.3085286605 -0.48636284
	975 16.77586671 98.67040882 51.74263454 0.3448937061 -0.3023264792 0.02493348219
	976 10.39982429 23.80730995 38.96390018 0.1288027556 -0.8316401565 0.002708718985
	977 47.98320062 50.98565006 28.19967741 -0.03842616336 -0.4200355358 0.5992579733
	978 31.87028586 29.33972207 79.83728862 -0.9156368137 0.3322867112 -0.4597582344
	979 64.37899191 43.43043644 29.99226792 -1.393071501 0.5507848205 -0.2737188108
	980 47.19815785 12.685402 53.40897009 -0.6210282922 -0.04830034362 0.7354640947
	981 25.41873081 46.47860563 79.77531718 0.4606123234 0.6272911009 0.233375729
	982 54.3667743 33.48869707 50.57423729 -0.7438730601 -0.09342895053 0.315438036
	983 18.79287721 79.88115629 79.93327511 0.06673841725 -0.3596994124 0.1091177668
	984 28.93914152 71.19969104 28.68981164 -0.3434730122 -0.0595812385 0.3616965158
	985 31.16546051 49.8618689 11.52297953 -0.4434211268 -0.6062037236 -0.1458737674
	986 79.4741623 85.2028987 4.651098421 0.01944407805 0.4328017356 0.7512097873
	987 82.04855682 21.86116298 53.31420045 0.01108895726 0.2376723412 0.4748038693
	988 87.53955799 82.6231407 18.02226934 -0.009908467856 -0.4543551233 0.05156394761
	989 80.59939115 67.49477086 0.6311581029 -0.4820795804 -0.2093684597 0.07838468999
	990 30.52056593 94.25455326 60.03963632 -0.534018523 -0.2617324292 0.9278285634
	991 10.23527039 24.17799662 89.23747387 0.8153976224 0.8980848464 0.224730775
	992 37.10386546 81.12128995 95.38364821 0.2379921842 -0.3359181049 0.02517921205
	993 47.56371383 15.35567836 49.01982304 0.5096364277 0.1471983374 -0.06436935783
	994 15.95927715 66.73051284 62.80437323 0.7479339594 0.3318393377 -0.02350493683
	995 57.08573208 18.88279842 92.67417053 -0.2094765902 -0.1846588938 -0.1558359788
	996 40.45076357 93.41883523 9.464375535 -0.4949194679 -0.2186641935 -0.2493353046
	997 19.45078178 78.24182491 81.15718287 -0.2833934167 0.04418843245 -0.3910989911
	998 13.4622034 67.11150935 47.3724932 -0.2174565449 0.419918326 -0.1795481883
	999 36.14912743 54.23076332 38.26849044 -0.3169785574 -0.3407725356 -0.5212515442
